1 0.529301 0.523242 0.068305 0.028711
0 0.473141 0.278540 0.022031 0.053857
0 0.512109 0.312305 0.070781 0.049609
0 0.550418 0.329990 0.021055 0.032012
0 0.531531 0.355469 0.023844 0.033594
0 0.621035 0.316382 0.050086 0.033252
0 0.646094 0.364648 0.048906 0.048047
0 0.510469 0.419189 0.018281 0.039941
0 0.543672 0.391274 0.022813 0.037568
0 0.503434 0.622998 0.027492 0.059375
0 0.568191 0.390752 0.026883 0.038809
0 0.612184 0.384556 0.041680 0.040967
0 0.630937 0.420571 0.039375 0.030537
0 0.683457 0.434111 0.047195 0.035098
0 0.394148 0.404785 0.024125 0.026563
0 0.412246 0.342676 0.016336 0.027871
0 0.396516 0.371475 0.050250 0.056465
0 0.444621 0.355845 0.020008 0.029775
0 0.480281 0.402134 0.040625 0.074639
0 0.527008 0.427153 0.017391 0.034951
0 0.630801 0.534780 0.024727 0.084385
0 0.660645 0.494194 0.019414 0.028408
0 0.685551 0.550879 0.019383 0.057813
0 0.329512 0.440796 0.021992 0.024814
0 0.347680 0.438320 0.025672 0.071797
0 0.394957 0.469238 0.059414 0.025195
0 0.438332 0.460820 0.029477 0.072109
0 0.495359 0.472212 0.031187 0.055576
0 0.482852 0.497886 0.021078 0.020244
0 0.484148 0.530308 0.022453 0.043096
0 0.464066 0.523003 0.020773 0.023135
0 0.445434 0.521753 0.021383 0.032471
0 0.538875 0.661719 0.036344 0.034180
0 0.576824 0.629297 0.030086 0.026543
0 0.483187 0.580986 0.038312 0.052090
0 0.391871 0.494209 0.031305 0.029746
0 0.405551 0.512012 0.026258 0.042383
0 0.411797 0.549316 0.020156 0.036523
0 0.328168 0.545874 0.029445 0.094111
0 0.353320 0.561133 0.028672 0.039062
0 0.372535 0.533960 0.032414 0.050830
0 0.353281 0.656157 0.028437 0.044717
0 0.417422 0.668164 0.048281 0.035938
0 0.413047 0.606201 0.020000 0.054785
0 0.445508 0.609771 0.038828 0.082432
