0 0.593711 0.630278 0.058203 0.026318
0 0.582148 0.657031 0.019766 0.029102
0 0.536055 0.679150 0.021328 0.025488
0 0.510379 0.646333 0.056789 0.033701
0 0.457969 0.605630 0.045156 0.043623
0 0.451961 0.501123 0.018734 0.042871
0 0.472109 0.443604 0.020781 0.023340
0 0.429570 0.691064 0.053828 0.036621
0 0.474375 0.675171 0.057344 0.053857
0 0.514609 0.716797 0.062812 0.032422
0 0.353555 0.410693 0.078672 0.033496
0 0.286445 0.493408 0.020703 0.059863
0 0.363086 0.392188 0.016953 0.019141
0 0.327266 0.357275 0.052500 0.039160
0 0.406016 0.380127 0.046563 0.046973
0 0.467969 0.391260 0.035625 0.054590
0 0.422941 0.656006 0.019008 0.024707
1 0.497473 0.569121 0.058336 0.112266
1 0.522266 0.477100 0.029844 0.068848
0 0.546953 0.455615 0.017031 0.031738
0 0.539336 0.411221 0.019922 0.023418
0 0.567656 0.408003 0.022813 0.038682
0 0.598648 0.389590 0.018922 0.031133
0 0.557523 0.360596 0.039875 0.049707
0 0.575898 0.311909 0.019766 0.035342
0 0.579246 0.468701 0.036461 0.064551
0 0.601094 0.498779 0.030156 0.097168
0 0.639687 0.489990 0.032031 0.072754
0 0.626836 0.573633 0.024297 0.058984
0 0.539414 0.575132 0.041797 0.026885
0 0.567461 0.603271 0.043359 0.039746
0 0.511867 0.539404 0.037891 0.042871
0 0.324180 0.457490 0.031797 0.021348
0 0.372188 0.457471 0.038125 0.044238
0 0.333148 0.502197 0.019422 0.045605
0 0.311523 0.545469 0.029609 0.038789
0 0.341562 0.574609 0.019844 0.029883
0 0.398438 0.707568 0.068437 0.064941
0 0.342383 0.674902 0.033516 0.055273
0 0.364684 0.633936 0.023273 0.053418
0 0.396711 0.611328 0.024063 0.039453
0 0.336719 0.603174 0.022656 0.023730
0 0.420937 0.552832 0.024219 0.038281
0 0.376719 0.521484 0.064219 0.083008
0 0.358867 0.510850 0.036016 0.025566
