0 0.365461 0.490130 0.047588 0.089139
0 0.489419 0.178962 0.024890 0.086612
0 0.524561 0.233675 0.046491 0.040574
0 0.416557 0.203552 0.063816 0.077869
0 0.362829 0.162773 0.095175 0.049317
0 0.635362 0.240642 0.053399 0.023361
0 0.723087 0.334836 0.058651 0.056557
0 0.676206 0.319467 0.044737 0.038934
0 0.651151 0.280943 0.035417 0.040301
0 0.627467 0.335519 0.034978 0.073770
0 0.695340 0.399863 0.084101 0.045902
0 0.765236 0.443374 0.051107 0.031284
0 0.837610 0.420014 0.034211 0.023634
0 0.773684 0.404098 0.020614 0.046721
0 0.792105 0.493443 0.031140 0.029235
0 0.738268 0.508333 0.063816 0.060109
0 0.659265 0.464413 0.046162 0.051503
0 0.642105 0.433402 0.022368 0.036475
0 0.604167 0.456967 0.029167 0.037158
0 0.759978 0.550137 0.062939 0.058197
0 0.849616 0.477322 0.021820 0.030055
0 0.891173 0.501093 0.036513 0.070492
0 0.610252 0.527391 0.019627 0.065164
0 0.215680 0.351366 0.057675 0.084153
1 0.671552 0.591598 0.154068 0.036749
0 0.504331 0.297883 0.047917 0.047131
0 0.547917 0.328279 0.045175 0.035519
0 0.384978 0.400273 0.055702 0.047541
0 0.422643 0.357985 0.030592 0.045642
0 0.467763 0.338251 0.031798 0.049727
0 0.192050 0.967828 0.025987 0.037568
0 0.320877 0.777937 0.022939 0.028005
0 0.361129 0.768600 0.026206 0.024085
0 0.323849 0.702596 0.021162 0.046721
0 0.449013 0.788975 0.058333 0.080792
0 0.244194 0.620253 0.019287 0.031489
0 0.380318 0.634699 0.031908 0.087705
0 0.436513 0.573566 0.060088 0.070902
0 0.566201 0.610997 0.024178 0.047951
0 0.526754 0.645765 0.046272 0.056831
0 0.655044 0.633607 0.024781 0.041803
0 0.757456 0.637842 0.048904 0.054918
0 0.668037 0.714617 0.052303 0.045082
0 0.564271 0.672541 0.052226 0.050820
0 0.136404 0.490505 0.038596 0.080738
0 0.211568 0.442828 0.046382 0.025546
