0 0.550932 0.289549 0.045943 0.046038
0 0.603289 0.359699 0.029605 0.047541
0 0.573629 0.449795 0.040461 0.056967
0 0.536842 0.444194 0.031360 0.073634
0 0.449561 0.558402 0.042105 0.038388
0 0.705099 0.452008 0.033882 0.030410
0 0.681656 0.502869 0.047149 0.034973
0 0.632971 0.490464 0.032456 0.051967
0 0.612939 0.535041 0.026096 0.028552
0 0.609594 0.583429 0.035417 0.038443
0 0.363925 0.406626 0.026316 0.064071
1 0.804605 0.444740 0.077193 0.058607
0 0.831595 0.487705 0.027379 0.035792
0 0.867029 0.508893 0.039035 0.055219
0 0.765499 0.607036 0.081283 0.059153
0 0.747588 0.722609 0.027193 0.031557
0 0.650439 0.722473 0.068421 0.067623
0 0.579660 0.665772 0.021820 0.030478
0 0.606250 0.659290 0.035088 0.059016
0 0.463761 0.803210 0.037610 0.099317
0 0.518174 0.824249 0.025713 0.044672
0 0.362007 0.765020 0.029057 0.064467
0 0.396985 0.753757 0.032127 0.057514
0 0.482346 0.671790 0.048246 0.029918
0 0.355800 0.647739 0.045855 0.046052
0 0.341447 0.587363 0.026316 0.039481
0 0.386897 0.523292 0.060197 0.046038
0 0.396382 0.479440 0.052412 0.032650
0 0.475110 0.506489 0.024781 0.032104
0 0.561952 0.240710 0.062500 0.048634
0 0.529825 0.185861 0.030263 0.050683
0 0.588048 0.048224 0.044737 0.034973
0 0.441996 0.053074 0.035088 0.037568
0 0.531859 0.056557 0.029046 0.082787
0 0.766283 0.240977 0.033004 0.065396
0 0.781617 0.311202 0.057599 0.057104
0 0.651447 0.373408 0.026140 0.037063
0 0.738213 0.336339 0.042873 0.103279
0 0.688004 0.329747 0.029912 0.036134
0 0.449507 0.255055 0.050329 0.040710
0 0.696327 0.416899 0.055592 0.045164
0 0.322807 0.169809 0.032456 0.039617
0 0.360471 0.274249 0.036513 0.084290
0 0.276151 0.414003 0.050987 0.074727
0 0.282072 0.325546 0.049890 0.036339
