0 0.539912 0.552992 0.044079 0.054945
0 0.506096 0.611407 0.040921 0.052049
0 0.573531 0.592213 0.030789 0.037978
0 0.538103 0.681434 0.029496 0.034563
0 0.568421 0.666735 0.036623 0.053415
0 0.672149 0.641393 0.030044 0.048361
0 0.720285 0.644795 0.030000 0.044563
0 0.766228 0.606011 0.032456 0.036066
0 0.677215 0.574932 0.031974 0.042213
0 0.690537 0.551851 0.023618 0.029358
0 0.710296 0.555949 0.018969 0.030178
0 0.725702 0.540376 0.026316 0.036735
0 0.710164 0.510184 0.031075 0.039194
0 0.756414 0.542350 0.024232 0.032240
1 0.615916 0.508682 0.041853 0.092746
1 0.648602 0.321469 0.094529 0.060068
0 0.623849 0.158060 0.031689 0.035519
0 0.664797 0.177596 0.035625 0.040164
0 0.720669 0.204850 0.045943 0.049590
0 0.650455 0.239891 0.042511 0.043716
0 0.689638 0.263115 0.032346 0.038798
0 0.727840 0.313955 0.040789 0.059522
0 0.765948 0.313730 0.035186 0.037295
0 0.780367 0.350615 0.039485 0.042760
0 0.660159 0.371482 0.031656 0.035178
0 0.686327 0.399973 0.036842 0.040492
0 0.802752 0.421387 0.028925 0.034577
0 0.802906 0.510724 0.026425 0.033743
0 0.554221 0.286714 0.027522 0.030123
0 0.588635 0.294672 0.039112 0.050820
0 0.519068 0.292555 0.032873 0.034290
0 0.541820 0.322828 0.022632 0.034126
0 0.518596 0.325164 0.024868 0.031913
0 0.494353 0.335587 0.041118 0.067896
0 0.553509 0.363798 0.050658 0.037705
0 0.404786 0.418033 0.051458 0.039344
0 0.483147 0.422186 0.030197 0.052022
0 0.639529 0.481284 0.024671 0.034973
0 0.603344 0.433559 0.037390 0.052281
0 0.689912 0.441926 0.040132 0.041011
0 0.405318 0.548566 0.034320 0.073087
0 0.492654 0.480294 0.060307 0.055533
0 0.541404 0.505738 0.044868 0.039617
0 0.451332 0.584358 0.030230 0.042760
0 0.584320 0.514003 0.029386 0.034290
