0 0.294746 0.537256 0.027852 0.039941
0 0.319961 0.552295 0.018187 0.016113
0 0.606457 0.405518 0.028539 0.050098
0 0.540938 0.323047 0.021563 0.028125
1 0.621250 0.571660 0.040937 0.051328
1 0.411340 0.397656 0.030758 0.055078
1 0.423281 0.517627 0.047500 0.062402
0 0.391172 0.306250 0.026094 0.040039
0 0.373047 0.340869 0.027031 0.027637
0 0.274844 0.400684 0.020000 0.026367
0 0.520312 0.353125 0.026250 0.030664
0 0.360438 0.387207 0.022750 0.066797
0 0.276836 0.458398 0.022578 0.052734
0 0.324922 0.443242 0.047812 0.047109
0 0.318711 0.407568 0.045391 0.044238
0 0.316023 0.376318 0.039859 0.037012
0 0.294566 0.497021 0.030070 0.025488
0 0.320195 0.493848 0.018672 0.041992
0 0.343555 0.501221 0.019609 0.044434
0 0.376766 0.456055 0.024469 0.065625
0 0.429336 0.425864 0.021953 0.021904
0 0.440203 0.452588 0.047250 0.062012
0 0.462422 0.401758 0.042188 0.037500
0 0.593164 0.362402 0.023047 0.025391
0 0.539805 0.398828 0.064766 0.035156
0 0.622109 0.386914 0.016094 0.024414
0 0.342031 0.565088 0.021875 0.051074
0 0.309516 0.580762 0.022313 0.026172
0 0.350625 0.625195 0.018750 0.054688
0 0.421016 0.611719 0.018906 0.031250
0 0.448570 0.608154 0.025734 0.035645
0 0.428238 0.653643 0.047727 0.036855
0 0.482160 0.602393 0.026820 0.033301
0 0.458945 0.572510 0.017578 0.024512
0 0.498437 0.590088 0.019219 0.023340
0 0.651781 0.617310 0.041594 0.027490
0 0.487047 0.553760 0.060969 0.055176
0 0.509453 0.512305 0.026250 0.050977
0 0.528672 0.547900 0.021250 0.037988
0 0.532289 0.472021 0.053078 0.031348
0 0.573047 0.562671 0.017656 0.020947
0 0.563398 0.530083 0.022734 0.044189
0 0.609633 0.540137 0.032266 0.046094
0 0.646758 0.476953 0.023203 0.034375
0 0.615938 0.469775 0.031562 0.057520
0 0.563754 0.445459 0.056727 0.055371
0 0.581371 0.420205 0.037742 0.031855
