1 0.429898 0.591528 0.037234 0.086084
0 0.457344 0.316113 0.026250 0.035352
0 0.491250 0.329053 0.024375 0.048730
0 0.521707 0.373779 0.023102 0.028809
0 0.572773 0.363770 0.023047 0.048438
0 0.621094 0.392139 0.037031 0.040723
0 0.699297 0.456787 0.030938 0.066133
0 0.669273 0.440674 0.025266 0.050488
0 0.413477 0.487646 0.019609 0.023340
0 0.360609 0.493428 0.019094 0.021152
0 0.383594 0.499707 0.030781 0.079688
0 0.384922 0.570020 0.016094 0.024805
0 0.439492 0.519238 0.021641 0.045703
0 0.464297 0.466807 0.030000 0.062910
0 0.499430 0.468750 0.031297 0.032422
0 0.427109 0.397754 0.032813 0.056055
0 0.463344 0.404639 0.021531 0.049707
0 0.520070 0.427539 0.043609 0.041406
0 0.557230 0.451196 0.024133 0.079580
0 0.602988 0.420117 0.039180 0.038086
0 0.621289 0.392529 0.036328 0.042090
0 0.638141 0.456440 0.026219 0.034189
0 0.669199 0.439893 0.026680 0.052051
0 0.524414 0.514653 0.048203 0.041611
0 0.587938 0.555469 0.022125 0.026367
0 0.560898 0.668838 0.046953 0.045918
0 0.598789 0.649365 0.021016 0.024316
0 0.640508 0.646777 0.042266 0.063867
0 0.521445 0.737012 0.038203 0.041797
0 0.467176 0.684961 0.025023 0.035742
0 0.484496 0.601821 0.024617 0.032490
0 0.475859 0.645947 0.037188 0.048926
0 0.650191 0.553271 0.022898 0.027637
0 0.630078 0.511328 0.030156 0.037305
0 0.590805 0.500146 0.027234 0.028223
0 0.415270 0.644580 0.023977 0.023535
0 0.399840 0.604541 0.022508 0.029199
0 0.340273 0.591748 0.036953 0.043262
0 0.324293 0.541074 0.026867 0.036602
0 0.321602 0.483643 0.036484 0.057715
0 0.336133 0.431270 0.025703 0.038320
0 0.413043 0.308789 0.027820 0.029883
0 0.410156 0.350830 0.029687 0.032520
0 0.477891 0.279834 0.026875 0.029395
0 0.423699 0.261978 0.030727 0.052998
1 0.537422 0.640674 0.070937 0.113379
1 0.604047 0.331548 0.053656 0.052725
