0 0.461449 0.662158 0.032430 0.070605
1 0.590996 0.557383 0.057383 0.084688
0 0.484063 0.292134 0.032969 0.045420
0 0.435191 0.323242 0.018055 0.024609
0 0.413004 0.352026 0.033352 0.033252
0 0.451949 0.350088 0.018898 0.022617
0 0.450598 0.721763 0.024727 0.031787
0 0.506012 0.719414 0.052977 0.034727
0 0.426574 0.665483 0.021930 0.059189
0 0.364871 0.664600 0.038492 0.048730
0 0.385398 0.640991 0.042219 0.045205
0 0.495504 0.672212 0.048289 0.048740
0 0.543215 0.676582 0.041992 0.034727
0 0.485078 0.334443 0.025078 0.024277
0 0.550496 0.339438 0.031492 0.029893
0 0.520277 0.365576 0.031320 0.027246
0 0.372500 0.409424 0.026875 0.029785
0 0.460887 0.662500 0.032086 0.069727
0 0.329578 0.507617 0.043938 0.035957
0 0.380801 0.519883 0.035195 0.053203
0 0.466344 0.485034 0.035594 0.039893
0 0.402770 0.405078 0.023523 0.021875
0 0.465172 0.435210 0.041797 0.027236
0 0.409383 0.457427 0.021578 0.047842
0 0.372934 0.450146 0.038508 0.037598
0 0.357098 0.492163 0.024711 0.032275
0 0.339863 0.555659 0.032695 0.031455
0 0.381051 0.519434 0.036633 0.054688
0 0.413656 0.539443 0.057734 0.056855
0 0.522227 0.405322 0.022109 0.023340
0 0.572660 0.367524 0.019211 0.026475
0 0.606598 0.394268 0.019445 0.025527
0 0.532922 0.440303 0.043938 0.036465
0 0.554688 0.493643 0.052812 0.068770
0 0.583645 0.463477 0.033852 0.074609
0 0.613305 0.464849 0.030516 0.027705
0 0.621328 0.562305 0.022969 0.030078
0 0.605078 0.602725 0.034375 0.048066
0 0.644961 0.571533 0.022578 0.066309
0 0.578953 0.693447 0.029469 0.033574
0 0.528980 0.644058 0.029836 0.027314
0 0.509805 0.610117 0.056016 0.034062
0 0.474406 0.531738 0.021000 0.039453
0 0.504641 0.524658 0.031219 0.028223
0 0.537484 0.548320 0.022156 0.062344
0 0.382422 0.600781 0.042188 0.041016
0 0.417344 0.586777 0.038156 0.025430
0 0.480820 0.575586 0.053203 0.032031
