0 0.598300 0.665342 0.034539 0.035984
1 0.592374 0.726503 0.129287 0.102459
0 0.591228 0.786134 0.056360 0.058607
0 0.637061 0.627363 0.038816 0.046366
0 0.698136 0.653347 0.052193 0.092213
0 0.448794 0.784153 0.068860 0.050546
0 0.511458 0.716530 0.056469 0.060383
0 0.297763 0.680806 0.035395 0.057787
0 0.351310 0.668395 0.035757 0.083702
0 0.327961 0.590540 0.041886 0.065642
0 0.397588 0.648702 0.041667 0.081557
0 0.459046 0.660587 0.042215 0.066530
0 0.531689 0.598292 0.076974 0.085656
0 0.574688 0.565055 0.079156 0.057869
0 0.748684 0.536270 0.030921 0.038115
0 0.682675 0.575615 0.065351 0.052596
0 0.295181 0.530423 0.029178 0.032869
0 0.664364 0.519187 0.087237 0.054795
0 0.723860 0.497534 0.035175 0.036052
0 0.734923 0.453005 0.057785 0.054645
0 0.732341 0.388122 0.040143 0.043429
0 0.649276 0.435041 0.041689 0.051503
0 0.589803 0.382848 0.041228 0.049030
0 0.273141 0.490874 0.042752 0.053770
0 0.557346 0.237227 0.032237 0.056148
0 0.507237 0.247678 0.037697 0.060656
0 0.321124 0.333388 0.062993 0.051803
0 0.338761 0.272814 0.033443 0.039071
0 0.464846 0.531831 0.030570 0.040984
0 0.515565 0.499658 0.036414 0.042486
0 0.404150 0.520219 0.064002 0.063934
0 0.456678 0.487678 0.053026 0.042951
0 0.364627 0.475451 0.029737 0.034891
0 0.324748 0.436066 0.035022 0.071858
0 0.368980 0.433347 0.042105 0.044781
0 0.407319 0.453347 0.043586 0.045492
0 0.413893 0.398429 0.024057 0.035929
0 0.443366 0.385198 0.030789 0.045451
0 0.480088 0.373292 0.029079 0.036202
0 0.521826 0.448286 0.062138 0.048620
0 0.531584 0.394713 0.044529 0.058115
0 0.444901 0.311407 0.057215 0.049044
0 0.516617 0.301455 0.039594 0.044850
0 0.587281 0.314344 0.047149 0.067213
0 0.537829 0.344754 0.040351 0.040820
0 0.531683 0.394665 0.046612 0.058484
0 0.564359 0.516052 0.033344 0.041120
