0 0.503688 0.695645 0.036437 0.031172
1 0.420953 0.467637 0.076500 0.027656
1 0.475758 0.503857 0.075578 0.026465
0 0.359406 0.342168 0.054672 0.027969
0 0.412734 0.307090 0.049063 0.034453
0 0.484680 0.271025 0.036125 0.048184
0 0.532891 0.298154 0.051875 0.032832
0 0.631691 0.387554 0.020086 0.025283
0 0.630312 0.350396 0.033906 0.050186
0 0.594141 0.372710 0.029375 0.045400
0 0.544129 0.333740 0.065023 0.034668
0 0.506938 0.378906 0.048922 0.037500
0 0.377578 0.391748 0.025469 0.036816
0 0.440273 0.390142 0.024141 0.029561
0 0.387852 0.431250 0.060547 0.061523
0 0.476641 0.452002 0.022344 0.033887
0 0.506680 0.444639 0.038047 0.042168
0 0.539570 0.413418 0.047734 0.037227
0 0.584375 0.429341 0.030469 0.046396
0 0.604473 0.434761 0.024836 0.030713
0 0.621484 0.457632 0.055891 0.073408
0 0.659000 0.472798 0.021844 0.051084
0 0.555539 0.480879 0.019703 0.027109
0 0.537977 0.498618 0.019703 0.025166
0 0.403480 0.522437 0.014852 0.012842
0 0.557688 0.524370 0.029906 0.027041
0 0.616133 0.541602 0.025703 0.036133
0 0.661629 0.548579 0.023617 0.067881
0 0.388516 0.503345 0.055000 0.037842
0 0.348465 0.546548 0.031602 0.059697
0 0.388957 0.580859 0.026461 0.041992
0 0.436445 0.554297 0.038984 0.049609
0 0.413828 0.630566 0.034844 0.027344
0 0.452688 0.592612 0.029719 0.030400
0 0.496766 0.576831 0.025797 0.030908
0 0.524438 0.564385 0.024969 0.038418
0 0.534176 0.600298 0.028977 0.036318
0 0.566965 0.571670 0.022258 0.023281
0 0.615789 0.588647 0.039672 0.039990
0 0.637891 0.630420 0.050313 0.061035
0 0.462477 0.623008 0.019062 0.026074
0 0.514312 0.649956 0.047422 0.028799
0 0.424105 0.661768 0.038820 0.033105
0 0.586547 0.680874 0.022687 0.027510
0 0.452891 0.695166 0.043750 0.032520
0 0.478258 0.723877 0.013500 0.013359
0 0.553547 0.698511 0.038031 0.053369
