0 0.358594 0.440479 0.051875 0.033496
0 0.411406 0.429346 0.043281 0.050293
0 0.452227 0.390771 0.042266 0.055762
0 0.484102 0.345850 0.025859 0.035840
0 0.523047 0.373535 0.038906 0.038672
0 0.561094 0.304824 0.047187 0.084082
0 0.566938 0.361572 0.022219 0.027051
0 0.599656 0.327925 0.030281 0.036338
0 0.615117 0.363477 0.040234 0.049023
0 0.639680 0.381152 0.023734 0.033594
0 0.365117 0.643750 0.021016 0.040430
0 0.405156 0.625879 0.022813 0.044727
0 0.364219 0.591777 0.043750 0.024180
0 0.398984 0.577783 0.026719 0.039160
0 0.430547 0.566650 0.020156 0.023730
0 0.387578 0.538428 0.068906 0.041895
0 0.339965 0.504443 0.020695 0.026270
0 0.386680 0.507812 0.031172 0.022070
0 0.452891 0.529932 0.040625 0.090918
0 0.478906 0.528467 0.033437 0.051660
0 0.482148 0.474561 0.048984 0.079004
0 0.508164 0.446631 0.018672 0.030371
0 0.516992 0.535156 0.021953 0.026953
0 0.476387 0.597598 0.017695 0.021621
0 0.501055 0.586182 0.029297 0.045996
0 0.555703 0.503125 0.027500 0.028711
0 0.527305 0.468457 0.038828 0.039844
0 0.555977 0.412646 0.055391 0.042871
0 0.630469 0.412451 0.023125 0.028613
0 0.594492 0.436523 0.019922 0.046484
0 0.573555 0.479199 0.038047 0.064648
0 0.598711 0.486670 0.021484 0.021191
0 0.618984 0.458740 0.027813 0.047754
0 0.523945 0.621826 0.028047 0.025879
0 0.556758 0.556445 0.018359 0.035742
0 0.542148 0.585156 0.029297 0.081445
0 0.564375 0.599561 0.034063 0.031934
0 0.645820 0.458691 0.023516 0.033594
0 0.596211 0.583691 0.018828 0.022656
0 0.620703 0.582520 0.021406 0.024609
0 0.613047 0.553271 0.017500 0.022168
0 0.590586 0.539453 0.038516 0.049219
0 0.628086 0.519727 0.027734 0.044336
0 0.658008 0.529004 0.028828 0.065430
0 0.674297 0.470459 0.020156 0.050684
1 0.387344 0.475781 0.052344 0.034961
