0 0.590078 0.531592 0.027031 0.036035
0 0.408945 0.413154 0.030234 0.032363
0 0.373141 0.452637 0.042219 0.031641
0 0.315312 0.459102 0.022031 0.044297
0 0.340172 0.483779 0.024812 0.024043
0 0.344062 0.520703 0.054219 0.072070
0 0.360391 0.528174 0.036406 0.044043
0 0.380820 0.548633 0.039609 0.036133
0 0.405391 0.528955 0.017812 0.026855
0 0.417539 0.556494 0.030078 0.040723
0 0.457813 0.532422 0.044063 0.032422
0 0.507969 0.384619 0.027188 0.051074
0 0.555367 0.384473 0.036750 0.082422
0 0.595023 0.399072 0.026141 0.048145
0 0.624164 0.404731 0.021609 0.043057
0 0.372969 0.389014 0.044844 0.049121
0 0.615434 0.350244 0.038195 0.044824
0 0.653867 0.382090 0.030859 0.064531
0 0.610625 0.461035 0.018906 0.025195
0 0.588125 0.459521 0.026250 0.049512
0 0.546758 0.441260 0.022734 0.034863
0 0.621836 0.493799 0.026641 0.025098
0 0.446281 0.331665 0.025062 0.028564
0 0.559141 0.534175 0.026875 0.071885
0 0.516016 0.536963 0.047656 0.051074
0 0.548281 0.647900 0.037188 0.054004
0 0.529547 0.570039 0.027937 0.033926
0 0.606082 0.616162 0.050289 0.033691
0 0.548715 0.604688 0.040164 0.036914
0 0.503203 0.636084 0.022500 0.037793
0 0.449445 0.604639 0.034234 0.025879
0 0.424563 0.583472 0.025219 0.041748
0 0.292711 0.631250 0.030109 0.046484
0 0.350781 0.630322 0.052656 0.037012
0 0.375312 0.588232 0.051562 0.042676
0 0.411680 0.641045 0.021641 0.051504
0 0.418203 0.643115 0.039375 0.024512
0 0.392551 0.677310 0.017555 0.025596
0 0.409844 0.724854 0.017656 0.036035
0 0.450000 0.705127 0.028594 0.034082
0 0.493594 0.679346 0.042344 0.037012
0 0.443086 0.666748 0.027891 0.039160
0 0.475820 0.626660 0.038828 0.082617
0 0.576406 0.669727 0.024844 0.095117
1 0.339375 0.376563 0.065000 0.054297
0 0.404023 0.338940 0.029609 0.066650
