0 0.600141 0.475054 0.033469 0.045439
0 0.673789 0.492559 0.044297 0.047891
0 0.668063 0.531543 0.039031 0.035156
0 0.640898 0.576646 0.031328 0.038506
0 0.679660 0.576162 0.028023 0.033047
0 0.714137 0.558154 0.028133 0.038574
0 0.460914 0.756104 0.019328 0.024707
0 0.479559 0.733740 0.054398 0.050117
0 0.558605 0.698799 0.045914 0.036660
0 0.571156 0.666685 0.037531 0.028740
0 0.617125 0.663555 0.025781 0.024844
0 0.643094 0.630811 0.032437 0.038965
0 0.632805 0.703999 0.025219 0.030479
0 0.494801 0.670981 0.033523 0.078350
0 0.467996 0.614482 0.051195 0.037441
0 0.503887 0.549565 0.032398 0.027822
0 0.547703 0.554966 0.020812 0.037529
0 0.533602 0.641797 0.044234 0.076367
0 0.509219 0.630127 0.018906 0.025293
0 0.507188 0.596582 0.027188 0.037109
1 0.459012 0.415088 0.039164 0.028613
1 0.634223 0.435659 0.028445 0.073213
0 0.412148 0.293018 0.036953 0.029395
0 0.497547 0.288540 0.030063 0.074873
0 0.521785 0.224380 0.031117 0.030146
0 0.607891 0.209766 0.049375 0.043750
0 0.620063 0.278906 0.023781 0.076172
0 0.592855 0.295557 0.027102 0.041113
0 0.554875 0.298145 0.023328 0.033594
0 0.538270 0.407783 0.022523 0.029355
0 0.519887 0.375073 0.028195 0.034424
0 0.549434 0.346094 0.026227 0.056641
0 0.576172 0.342988 0.030312 0.050156
0 0.593469 0.355518 0.025875 0.046777
0 0.410582 0.339214 0.036336 0.034658
0 0.434199 0.377393 0.034883 0.051660
0 0.394156 0.422827 0.029500 0.045361
0 0.428012 0.455078 0.027539 0.065039
0 0.354965 0.532471 0.034305 0.054004
0 0.384375 0.510732 0.030625 0.084355
0 0.413836 0.532451 0.018891 0.030215
1 0.352266 0.444092 0.029219 0.036621
0 0.666980 0.351514 0.019789 0.025293
0 0.661133 0.397510 0.035391 0.055176
0 0.662715 0.461343 0.045898 0.055439
