0 0.486680 0.522905 0.067266 0.052041
0 0.416148 0.671582 0.021766 0.041016
0 0.544727 0.712402 0.051641 0.063281
0 0.575781 0.712939 0.025938 0.028027
0 0.595078 0.719678 0.079375 0.083496
0 0.646328 0.709229 0.032500 0.070020
0 0.353789 0.351904 0.047109 0.034863
0 0.346211 0.394707 0.021484 0.024258
0 0.390977 0.408154 0.040078 0.043652
0 0.497109 0.359658 0.016250 0.017012
0 0.481352 0.332866 0.024016 0.027627
0 0.516484 0.313511 0.024375 0.038018
0 0.614375 0.333398 0.028281 0.038086
0 0.373891 0.509814 0.035750 0.038965
0 0.407148 0.540625 0.032578 0.048438
0 0.687656 0.423721 0.042969 0.055059
0 0.521133 0.418848 0.029297 0.085742
0 0.546328 0.372217 0.033438 0.060254
0 0.661211 0.472998 0.021953 0.055957
0 0.459652 0.476318 0.021961 0.027832
0 0.540484 0.614409 0.030344 0.025693
0 0.531484 0.665576 0.025156 0.050293
0 0.595879 0.389453 0.023711 0.034570
0 0.633906 0.373779 0.019531 0.029199
0 0.436484 0.449365 0.032656 0.026855
0 0.491172 0.456641 0.026719 0.035547
0 0.400000 0.448633 0.021562 0.054688
0 0.362070 0.473379 0.043359 0.036211
0 0.332844 0.564390 0.029125 0.038408
0 0.346949 0.530186 0.055617 0.061113
0 0.549492 0.533984 0.017109 0.029687
0 0.361313 0.655811 0.022688 0.023926
0 0.359695 0.616504 0.017016 0.024609
0 0.382695 0.606934 0.028203 0.052734
0 0.419637 0.611426 0.049164 0.052930
0 0.438086 0.585693 0.023516 0.049121
0 0.711219 0.604395 0.035375 0.049023
0 0.456160 0.674170 0.049680 0.052246
0 0.546602 0.371533 0.033672 0.060840
1 0.452422 0.319883 0.023594 0.109102
0 0.632656 0.501758 0.055625 0.079492
0 0.588840 0.505811 0.040602 0.058105
0 0.577227 0.546240 0.024766 0.026270
0 0.472562 0.720684 0.019844 0.028555
0 0.638133 0.637285 0.044703 0.034219
0 0.586129 0.658105 0.059680 0.057813
0 0.499688 0.594385 0.031875 0.032520
0 0.507578 0.567041 0.019844 0.026465
0 0.537836 0.567920 0.035422 0.057324
