0 0.480156 0.310889 0.036875 0.032520
0 0.598559 0.478105 0.026336 0.049063
0 0.629258 0.481689 0.023203 0.023926
0 0.676328 0.509326 0.026250 0.031152
0 0.652633 0.508203 0.022547 0.058398
0 0.632070 0.537402 0.031172 0.078711
0 0.603754 0.541938 0.042195 0.056162
0 0.549180 0.526172 0.037109 0.053320
0 0.567070 0.475635 0.029141 0.037988
0 0.543086 0.651221 0.031484 0.029590
0 0.575000 0.686377 0.025313 0.042285
0 0.631367 0.633545 0.032266 0.058887
0 0.568477 0.561377 0.024922 0.034668
0 0.461289 0.566113 0.018516 0.023633
0 0.448594 0.489941 0.028750 0.026953
0 0.377074 0.524854 0.036648 0.043848
0 0.434844 0.539746 0.020625 0.030078
0 0.456594 0.516699 0.016875 0.019922
0 0.488980 0.475342 0.038430 0.036230
0 0.523816 0.480107 0.022055 0.039141
0 0.542031 0.497217 0.024844 0.041504
0 0.450105 0.652979 0.023648 0.041895
0 0.530508 0.451123 0.021016 0.024512
0 0.347148 0.436328 0.022109 0.055078
0 0.378051 0.456992 0.021820 0.024492
0 0.409258 0.412158 0.021953 0.027441
0 0.437281 0.420898 0.028906 0.029102
0 0.408789 0.459424 0.043047 0.047949
0 0.355898 0.611084 0.038672 0.070410
1 0.584617 0.412842 0.047203 0.050488
1 0.523047 0.573340 0.039531 0.068750
0 0.663059 0.576685 0.022320 0.025146
0 0.410008 0.661895 0.034828 0.054922
0 0.609070 0.437207 0.024859 0.037305
0 0.633379 0.454287 0.016742 0.024785
0 0.661723 0.447275 0.026711 0.034766
0 0.620977 0.380225 0.033047 0.057129
0 0.586289 0.362158 0.019453 0.029004
0 0.554141 0.380322 0.023281 0.057520
0 0.517383 0.413813 0.042891 0.050479
0 0.501992 0.379443 0.032891 0.044434
0 0.470625 0.378955 0.025312 0.029395
0 0.446730 0.344028 0.040055 0.032061
0 0.474184 0.281895 0.017773 0.026680
0 0.532969 0.327637 0.035937 0.052734
