1 0.497500 0.496045 0.057344 0.090137
0 0.533008 0.424849 0.028672 0.032119
0 0.552301 0.395752 0.024758 0.026660
0 0.499109 0.562012 0.025250 0.031250
0 0.468000 0.485894 0.018344 0.024717
0 0.485313 0.459277 0.017031 0.022461
0 0.562500 0.473389 0.032031 0.027246
0 0.490195 0.604492 0.028203 0.029688
0 0.643359 0.498799 0.020000 0.033262
0 0.608008 0.713345 0.024922 0.022393
0 0.688559 0.641504 0.018992 0.027539
0 0.618246 0.655957 0.020242 0.024023
0 0.635586 0.645171 0.013203 0.021592
0 0.661836 0.655371 0.019141 0.025586
0 0.689141 0.609814 0.021875 0.032324
0 0.718398 0.583398 0.015859 0.021094
0 0.686016 0.536230 0.027500 0.025781
0 0.576375 0.647485 0.025406 0.039697
0 0.514375 0.616797 0.027813 0.030469
0 0.544883 0.594189 0.036641 0.032910
0 0.592031 0.560791 0.019062 0.024707
0 0.604609 0.591455 0.019688 0.036230
0 0.629180 0.590981 0.016172 0.027471
0 0.550820 0.622510 0.033203 0.036816
0 0.430938 0.239258 0.031094 0.042383
0 0.416469 0.170312 0.010937 0.008398
0 0.380742 0.616162 0.028828 0.040332
0 0.343828 0.584961 0.016250 0.020898
0 0.389141 0.568604 0.019531 0.035645
0 0.311641 0.543262 0.017969 0.033594
1 0.334805 0.459131 0.027422 0.047559
0 0.388242 0.401855 0.048672 0.033203
0 0.410859 0.316162 0.040625 0.027051
0 0.433789 0.294189 0.021172 0.023340
0 0.476719 0.278516 0.022031 0.035352
0 0.522031 0.248047 0.025000 0.047070
0 0.574961 0.277344 0.024922 0.036328
0 0.566211 0.346094 0.015234 0.019727
0 0.592695 0.333594 0.019609 0.036914
0 0.481523 0.322852 0.041797 0.023633
0 0.533633 0.317090 0.019141 0.037500
0 0.460313 0.361084 0.021406 0.030762
0 0.521563 0.358643 0.032969 0.033496
0 0.428594 0.347607 0.045937 0.037988
0 0.468281 0.385400 0.047187 0.040332
0 0.501727 0.388218 0.016391 0.023896
0 0.512422 0.410679 0.016719 0.020381
