0 0.618301 0.685757 0.041414 0.036689
0 0.469820 0.292759 0.021984 0.031221
0 0.520504 0.289199 0.031320 0.039961
0 0.553035 0.286670 0.022680 0.030176
0 0.576711 0.280957 0.027172 0.032227
0 0.612582 0.305176 0.028602 0.027344
0 0.677578 0.389941 0.020469 0.053711
0 0.492148 0.343994 0.035078 0.071582
0 0.529578 0.339082 0.023813 0.021914
0 0.579688 0.324141 0.018844 0.020859
0 0.626094 0.348740 0.016594 0.025762
0 0.644109 0.350049 0.017563 0.025098
0 0.386535 0.394883 0.039367 0.035430
0 0.437555 0.359326 0.028703 0.069238
0 0.464055 0.329053 0.026250 0.029004
0 0.514449 0.374531 0.030164 0.035645
0 0.565223 0.359351 0.041961 0.039697
0 0.622672 0.380605 0.033406 0.027949
0 0.380293 0.476240 0.021758 0.028652
0 0.409777 0.474106 0.030508 0.051143
0 0.433434 0.739746 0.057336 0.034375
0 0.470656 0.662354 0.035375 0.039355
0 0.355984 0.618994 0.023844 0.051855
0 0.564488 0.626846 0.031273 0.034590
0 0.466422 0.415781 0.021406 0.022734
0 0.530164 0.421973 0.017203 0.023242
0 0.676613 0.442251 0.019477 0.029561
0 0.590891 0.409678 0.018656 0.022090
0 0.642461 0.442920 0.022422 0.031934
0 0.657797 0.475146 0.018766 0.020410
0 0.454883 0.605566 0.027812 0.063281
0 0.484176 0.601724 0.026461 0.025850
0 0.507480 0.567178 0.029805 0.044160
0 0.548973 0.546191 0.032133 0.030273
0 0.583324 0.538926 0.030398 0.025469
0 0.448336 0.528369 0.043078 0.050879
0 0.545055 0.464355 0.034328 0.036133
0 0.576059 0.482568 0.017414 0.036816
0 0.503727 0.459521 0.029953 0.036426
0 0.487805 0.492168 0.024672 0.031094
0 0.533328 0.501514 0.027438 0.022754
0 0.510078 0.522656 0.034531 0.040039
1 0.355367 0.497612 0.043859 0.062021
0 0.342238 0.384565 0.033070 0.035947
0 0.381719 0.349795 0.020781 0.042012
0 0.422887 0.318403 0.027023 0.037607
