0 0.593805 0.208675 0.034320 0.046311
0 0.588399 0.410109 0.026689 0.037787
0 0.704112 0.290990 0.027807 0.034686
0 0.636173 0.268948 0.049101 0.077404
1 0.705740 0.714474 0.066568 0.110232
0 0.344287 0.164891 0.024145 0.039071
0 0.340625 0.242964 0.046820 0.061066
0 0.439698 0.198122 0.056151 0.049522
0 0.502807 0.189208 0.053947 0.057104
0 0.551974 0.543921 0.041228 0.063525
0 0.563871 0.763238 0.057785 0.100519
0 0.737955 0.339952 0.037072 0.045833
0 0.512719 0.387152 0.026535 0.033593
0 0.515625 0.329372 0.053180 0.065847
0 0.555976 0.365847 0.057127 0.059290
0 0.656908 0.339549 0.042982 0.045492
0 0.687226 0.388798 0.035636 0.052186
0 0.388542 0.348463 0.033662 0.066462
0 0.332730 0.424583 0.066776 0.076516
0 0.220340 0.375635 0.037171 0.060560
0 0.384265 0.480806 0.033662 0.047131
0 0.390077 0.537883 0.044408 0.043525
0 0.221469 0.513593 0.029474 0.038934
0 0.275592 0.552049 0.041754 0.056831
0 0.339145 0.583743 0.047807 0.067486
0 0.290515 0.621790 0.034320 0.039208
0 0.256360 0.644672 0.052193 0.081694
0 0.332895 0.702766 0.054167 0.061325
0 0.390099 0.668306 0.048618 0.057650
0 0.358114 0.803893 0.031798 0.048497
0 0.520636 0.473169 0.048728 0.091148
0 0.497039 0.849795 0.066009 0.069536
0 0.648739 0.806079 0.062390 0.066257
0 0.418158 0.790779 0.058421 0.063798
0 0.436941 0.736673 0.051776 0.052336
0 0.489550 0.623436 0.042697 0.097418
0 0.512379 0.695055 0.049803 0.050492
0 0.557456 0.636612 0.031798 0.040437
0 0.666228 0.464686 0.036404 0.049590
0 0.619561 0.466189 0.032719 0.035929
0 0.644605 0.505738 0.034825 0.048361
0 0.610170 0.676025 0.027467 0.038934
0 0.643936 0.629167 0.032895 0.038661
0 0.706414 0.626428 0.047039 0.054768
0 0.668268 0.573634 0.041579 0.040984
0 0.613761 0.562842 0.034539 0.046175
