0 0.353129 0.383496 0.046867 0.045508
0 0.408797 0.419888 0.028375 0.038154
0 0.478672 0.443555 0.029375 0.035352
0 0.524160 0.439224 0.044023 0.029561
0 0.288008 0.500928 0.031016 0.070410
0 0.362398 0.527090 0.045266 0.049102
0 0.323359 0.487500 0.022969 0.050977
0 0.659844 0.562280 0.021406 0.042529
0 0.544023 0.783203 0.025547 0.044336
0 0.672605 0.524951 0.032711 0.035449
1 0.554883 0.404150 0.052422 0.034277
1 0.545977 0.598242 0.073047 0.038086
1 0.340820 0.619385 0.043516 0.067480
0 0.398242 0.770459 0.041953 0.042480
0 0.461051 0.730371 0.035383 0.043164
0 0.319437 0.697070 0.026406 0.027344
0 0.618594 0.692969 0.017656 0.020703
0 0.563914 0.760049 0.018453 0.035449
0 0.511367 0.723535 0.023828 0.040430
0 0.337859 0.674023 0.051969 0.070703
0 0.664805 0.726123 0.062891 0.066309
0 0.552070 0.708838 0.029766 0.026660
0 0.592656 0.692285 0.018750 0.062305
0 0.460906 0.678457 0.059516 0.065352
0 0.566992 0.640029 0.015859 0.035059
0 0.664559 0.453955 0.019789 0.032520
0 0.388938 0.631704 0.034625 0.044014
0 0.394445 0.598145 0.018891 0.029297
0 0.423281 0.620752 0.027813 0.038574
0 0.494016 0.595742 0.035813 0.022539
0 0.513031 0.565977 0.017156 0.021953
0 0.515258 0.536367 0.021672 0.025898
0 0.646797 0.600830 0.051406 0.040918
0 0.695312 0.597998 0.025156 0.069629
0 0.634219 0.540088 0.022500 0.033496
0 0.646504 0.601074 0.051914 0.043164
0 0.695391 0.596826 0.025625 0.070410
1 0.600469 0.405078 0.020156 0.036719
0 0.616211 0.439844 0.028359 0.053711
0 0.431813 0.400977 0.039719 0.045898
0 0.486523 0.368213 0.024766 0.027246
0 0.517805 0.360254 0.019203 0.037500
0 0.552797 0.368877 0.043875 0.030586
0 0.508828 0.304292 0.072187 0.047061
0 0.390312 0.331167 0.026094 0.041377
0 0.616367 0.439551 0.028047 0.053711
0 0.654609 0.397705 0.027969 0.062402
0 0.374289 0.470850 0.025594 0.024316
0 0.362891 0.440005 0.031094 0.031768
