0 0.306312 0.610547 0.017000 0.030859
0 0.259363 0.590806 0.021930 0.056670
0 0.429715 0.562500 0.024273 0.023828
0 0.378047 0.571289 0.031875 0.045117
0 0.336484 0.608838 0.036094 0.037793
0 0.299297 0.529980 0.020625 0.024414
0 0.306512 0.552881 0.018336 0.023730
0 0.326680 0.488086 0.069766 0.026172
1 0.326090 0.575195 0.022977 0.054102
0 0.559414 0.672588 0.018984 0.023301
0 0.328219 0.399946 0.030906 0.027646
0 0.356703 0.409292 0.030656 0.057783
0 0.456758 0.373291 0.036016 0.027832
0 0.381641 0.459326 0.038594 0.037793
0 0.407148 0.486099 0.061016 0.047197
0 0.475781 0.429541 0.039844 0.051465
0 0.496719 0.478369 0.046875 0.065918
0 0.533062 0.456299 0.021594 0.025488
0 0.570883 0.459180 0.029891 0.023633
0 0.476523 0.307285 0.042734 0.046367
0 0.503754 0.345742 0.025945 0.051797
0 0.554824 0.356738 0.016055 0.022266
0 0.551914 0.384912 0.018828 0.023535
0 0.476406 0.307534 0.042656 0.046064
0 0.591500 0.378613 0.036750 0.033203
0 0.627004 0.387959 0.024320 0.025332
0 0.619441 0.420508 0.023883 0.022266
0 0.667500 0.423477 0.022969 0.030000
0 0.601094 0.501221 0.038750 0.022559
0 0.638094 0.467139 0.039000 0.029199
0 0.721984 0.511128 0.027438 0.029502
0 0.388039 0.752788 0.022047 0.036416
0 0.354965 0.687207 0.042883 0.026172
0 0.404844 0.694922 0.034531 0.053125
0 0.385691 0.626074 0.018570 0.037109
0 0.419285 0.644629 0.028414 0.024609
0 0.487422 0.678027 0.025469 0.033008
0 0.562352 0.713281 0.040922 0.046680
0 0.486160 0.601221 0.044977 0.040723
0 0.500078 0.625098 0.022813 0.020898
0 0.517969 0.672217 0.051406 0.059277
0 0.540969 0.644873 0.035406 0.033887
0 0.481641 0.530566 0.013750 0.021289
0 0.525781 0.504009 0.036094 0.033389
0 0.496719 0.478223 0.046719 0.066406
0 0.636961 0.619531 0.018109 0.036328
0 0.665547 0.627344 0.038750 0.040625
0 0.583750 0.567871 0.049688 0.042773
0 0.635316 0.549399 0.032961 0.040459
0 0.594141 0.597412 0.031250 0.022363
