0 0.503399 0.576913 0.049123 0.077596
0 0.288706 0.736270 0.043421 0.054235
0 0.164698 0.682240 0.033542 0.042896
0 0.347714 0.645833 0.085121 0.104235
0 0.279386 0.557309 0.032456 0.045219
1 0.590077 0.768579 0.102741 0.059290
1 0.412758 0.611571 0.043125 0.131803
0 0.171645 0.193033 0.024035 0.034973
0 0.167708 0.297746 0.066996 0.130464
0 0.117763 0.323852 0.029167 0.057268
0 0.422807 0.790437 0.034868 0.051366
0 0.517401 0.738402 0.066382 0.034126
0 0.407686 0.735260 0.127171 0.077896
0 0.698629 0.697268 0.041118 0.051639
0 0.685636 0.614549 0.055702 0.096858
0 0.560143 0.627186 0.060855 0.036066
0 0.619572 0.512090 0.030373 0.048224
0 0.686020 0.614139 0.056689 0.095219
0 0.643969 0.350683 0.043421 0.136339
0 0.689578 0.274454 0.037050 0.086066
0 0.558158 0.224413 0.070263 0.038443
0 0.431140 0.178074 0.056140 0.038388
0 0.433827 0.132719 0.059978 0.036202
0 0.551853 0.137773 0.075855 0.053415
0 0.387719 0.153757 0.060088 0.036202
0 0.391667 0.268156 0.036842 0.105710
0 0.333991 0.310861 0.043202 0.057240
0 0.280702 0.314276 0.064254 0.094399
0 0.328509 0.383402 0.046053 0.053415
0 0.522259 0.322199 0.032018 0.050137
0 0.536623 0.374590 0.029825 0.061202
0 0.502303 0.377664 0.027193 0.041120
0 0.505537 0.451025 0.036513 0.029098
0 0.603070 0.313559 0.040351 0.087363
0 0.413130 0.454235 0.024397 0.050273
0 0.361623 0.483197 0.040132 0.055738
0 0.319178 0.471045 0.029189 0.040970
0 0.130044 0.399932 0.084649 0.051230
0 0.247478 0.501544 0.039693 0.072951
0 0.202357 0.508128 0.038487 0.059699
0 0.131058 0.505164 0.046656 0.046230
0 0.164967 0.569870 0.051864 0.059986
0 0.456963 0.231284 0.082785 0.056557
0 0.662445 0.573770 0.042434 0.076230
0 0.678399 0.464139 0.066228 0.059973
0 0.746656 0.454508 0.048136 0.081967
0 0.739912 0.362227 0.062939 0.056694
