0 0.587258 0.543398 0.028578 0.022773
0 0.563004 0.229438 0.023039 0.020811
0 0.272391 0.298589 0.037875 0.066104
0 0.318398 0.449756 0.054453 0.036816
0 0.292016 0.496323 0.025891 0.051045
1 0.618602 0.709302 0.083891 0.064600
0 0.494121 0.161821 0.053070 0.063057
0 0.577496 0.257222 0.035633 0.036924
0 0.617617 0.242627 0.017266 0.030176
0 0.571086 0.297354 0.036578 0.054512
0 0.575883 0.356265 0.045516 0.067021
0 0.747668 0.336133 0.031227 0.082227
0 0.628465 0.397334 0.046977 0.025312
0 0.652512 0.437305 0.048727 0.034375
0 0.422691 0.299341 0.020227 0.029893
0 0.390816 0.448096 0.043352 0.046191
0 0.753328 0.546484 0.050859 0.051562
0 0.316250 0.494482 0.037344 0.041504
0 0.323809 0.531660 0.034805 0.053281
0 0.399492 0.518115 0.038516 0.026660
0 0.429648 0.473721 0.034766 0.028145
0 0.379793 0.571484 0.023180 0.029687
0 0.562402 0.512109 0.055039 0.054492
0 0.555492 0.560483 0.060266 0.084111
0 0.447469 0.582109 0.088531 0.038125
0 0.455160 0.614004 0.029992 0.051289
0 0.491801 0.602490 0.047664 0.036621
0 0.412746 0.686768 0.027680 0.040723
0 0.405277 0.337207 0.030555 0.054688
0 0.546340 0.209961 0.021898 0.021484
0 0.467406 0.344175 0.029938 0.022842
1 0.567523 0.468540 0.049766 0.024053
0 0.385883 0.408398 0.045109 0.041797
0 0.479113 0.434473 0.031164 0.029102
0 0.538160 0.231299 0.016336 0.016699
0 0.515391 0.378384 0.028750 0.026826
0 0.440383 0.405015 0.027984 0.094463
0 0.427473 0.693789 0.023914 0.031367
0 0.476680 0.746387 0.027734 0.034570
0 0.504152 0.721191 0.032836 0.045117
0 0.467797 0.677012 0.037891 0.034453
0 0.467172 0.700986 0.023359 0.020684
0 0.510781 0.661670 0.037812 0.049902
0 0.550184 0.669727 0.045258 0.079297
0 0.623340 0.613965 0.077773 0.064648
0 0.611027 0.664775 0.049039 0.033926
0 0.426195 0.351699 0.027219 0.054414
