0 0.602182 0.712910 0.050702 0.065710
1 0.266228 0.382158 0.044956 0.125301
1 0.476535 0.573839 0.068860 0.059699
0 0.495175 0.388456 0.036404 0.082923
0 0.571711 0.352459 0.078947 0.072951
0 0.646294 0.342486 0.022697 0.030328
0 0.601573 0.405055 0.032599 0.055464
0 0.657675 0.394467 0.034868 0.041940
0 0.661952 0.434699 0.046053 0.039071
0 0.717105 0.438661 0.054605 0.080874
0 0.773010 0.436680 0.067950 0.077186
0 0.593805 0.462807 0.030592 0.040369
0 0.648712 0.511209 0.031853 0.037964
0 0.317418 0.530328 0.031985 0.036066
0 0.349896 0.522152 0.030691 0.059495
0 0.396414 0.542070 0.026711 0.039358
0 0.449890 0.512978 0.047368 0.060383
0 0.490735 0.478005 0.045285 0.073497
0 0.663728 0.583846 0.030307 0.042691
0 0.742654 0.586434 0.032237 0.060464
0 0.538311 0.603484 0.029693 0.043306
0 0.890104 0.020977 0.032182 0.028811
0 0.682182 0.654426 0.043092 0.049071
0 0.606798 0.620915 0.033114 0.037131
0 0.484101 0.751025 0.026754 0.032377
0 0.523717 0.732930 0.041689 0.036598
0 0.334649 0.591803 0.050000 0.055191
0 0.617215 0.777596 0.042105 0.072404
0 0.569951 0.742896 0.025450 0.031694
0 0.515296 0.672234 0.049013 0.050888
0 0.360800 0.666223 0.027961 0.034221
0 0.417791 0.628484 0.059485 0.044399
0 0.406700 0.673422 0.046294 0.041134
1 0.553701 0.701052 0.022577 0.034781
0 0.493037 0.231086 0.030811 0.052309
1 0.614501 0.558798 0.060143 0.053169
0 0.359320 0.248811 0.042325 0.060464
0 0.427303 0.232104 0.053728 0.078142
0 0.545674 0.241257 0.031919 0.057104
0 0.598213 0.289208 0.075811 0.038798
0 0.340844 0.398975 0.031031 0.049863
0 0.468224 0.357691 0.028246 0.035164
0 0.359627 0.366257 0.038289 0.038525
0 0.430866 0.404918 0.035855 0.084699
0 0.382401 0.305055 0.037390 0.046448
0 0.446634 0.317684 0.025219 0.033757
