0 0.478723 0.359426 0.064463 0.059016
0 0.637516 0.424590 0.037029 0.048087
0 0.606524 0.438327 0.024671 0.030478
0 0.587495 0.383012 0.015559 0.027145
0 0.569024 0.419194 0.045504 0.053142
0 0.759320 0.461270 0.040789 0.075000
0 0.703838 0.473087 0.031140 0.044809
0 0.689797 0.297036 0.045384 0.048825
0 0.667544 0.342213 0.014693 0.021038
1 0.694353 0.399672 0.028618 0.088142
0 0.652029 0.546243 0.034320 0.053415
0 0.619814 0.502541 0.028838 0.055027
0 0.615143 0.552459 0.042566 0.040437
0 0.674507 0.596311 0.044189 0.042077
0 0.746985 0.651844 0.026425 0.032650
0 0.685197 0.657172 0.044956 0.055874
0 0.806140 0.600820 0.030263 0.034699
0 0.374095 0.286933 0.027467 0.029740
0 0.295888 0.348497 0.048794 0.048907
0 0.476316 0.400970 0.023684 0.038224
0 0.383443 0.254918 0.053070 0.033607
0 0.438268 0.279372 0.050219 0.046995
0 0.521963 0.203074 0.058048 0.041393
0 0.523355 0.325068 0.040789 0.079918
0 0.476700 0.400751 0.025548 0.038115
0 0.560362 0.273770 0.026645 0.043989
1 0.700735 0.704850 0.093487 0.035929
1 0.404781 0.376270 0.114386 0.066475
0 0.381579 0.753415 0.052412 0.049180
0 0.473098 0.724112 0.039024 0.032923
0 0.380318 0.675478 0.028618 0.070355
0 0.532730 0.787247 0.026645 0.065205
0 0.593575 0.722370 0.034518 0.033948
0 0.576272 0.632746 0.028202 0.065437
0 0.305757 0.735540 0.029496 0.040396
0 0.252396 0.658258 0.063564 0.038128
0 0.236184 0.562227 0.031140 0.034290
0 0.360471 0.541325 0.035636 0.041940
0 0.224704 0.597268 0.025504 0.039617
0 0.284814 0.764208 0.026206 0.031694
0 0.464254 0.669467 0.083553 0.067350
0 0.248004 0.454577 0.044474 0.073087
0 0.329276 0.470765 0.053728 0.048361
0 0.369298 0.438115 0.032237 0.072951
0 0.400713 0.510246 0.032566 0.040164
0 0.461930 0.561270 0.041842 0.076913
0 0.471173 0.498156 0.071294 0.042486
0 0.509978 0.464351 0.038816 0.038511
