1 0.487773 0.621387 0.065234 0.082422
0 0.528621 0.299194 0.047633 0.036689
0 0.490988 0.328960 0.046617 0.055889
0 0.596059 0.294580 0.032898 0.031348
0 0.583164 0.354346 0.024922 0.045410
0 0.636480 0.378789 0.026242 0.038438
0 0.646105 0.407554 0.018883 0.022920
0 0.635313 0.427246 0.040313 0.045703
0 0.402383 0.375635 0.028203 0.036035
0 0.445352 0.354395 0.037422 0.040820
0 0.473488 0.394678 0.030680 0.031934
0 0.524371 0.404639 0.039680 0.037988
0 0.591094 0.429395 0.025625 0.034180
0 0.557582 0.440918 0.025320 0.039453
0 0.598840 0.464697 0.039711 0.030371
0 0.640352 0.497705 0.032109 0.040918
0 0.402578 0.445361 0.020781 0.025879
0 0.431953 0.438574 0.024375 0.030273
0 0.392305 0.413232 0.035391 0.031738
0 0.357773 0.449102 0.022109 0.042676
0 0.339258 0.478237 0.019922 0.031807
0 0.364844 0.593213 0.025156 0.032520
0 0.340195 0.551953 0.035547 0.059180
0 0.395527 0.477510 0.027773 0.038535
0 0.369195 0.522803 0.045109 0.059277
0 0.424219 0.509082 0.029375 0.078125
0 0.476289 0.489258 0.032109 0.038477
0 0.494195 0.468750 0.036875 0.039453
0 0.530457 0.500879 0.011898 0.020898
0 0.565156 0.520850 0.022813 0.027246
0 0.594727 0.537842 0.020391 0.023730
0 0.658945 0.525391 0.024609 0.034961
0 0.658750 0.524839 0.024844 0.034893
0 0.641016 0.497559 0.031719 0.041211
0 0.618164 0.552881 0.035547 0.066309
0 0.428594 0.661768 0.036094 0.042090
0 0.390742 0.600635 0.027891 0.054199
0 0.425148 0.575444 0.036406 0.043662
0 0.455625 0.574170 0.019219 0.028223
0 0.476949 0.569043 0.029383 0.050195
0 0.538125 0.571729 0.023281 0.032520
0 0.559453 0.557373 0.025312 0.035059
0 0.588262 0.584424 0.030117 0.060059
0 0.610820 0.659385 0.018359 0.023047
0 0.566992 0.680518 0.035703 0.035254
0 0.529453 0.619678 0.021406 0.021973
0 0.486250 0.691797 0.040781 0.037109
0 0.563398 0.644873 0.017734 0.025684
0 0.527852 0.653613 0.048516 0.054102
0 0.612922 0.712119 0.037109 0.040918
0 0.461055 0.298486 0.029766 0.036621
