0 0.694518 0.458914 0.046053 0.035861
1 0.500280 0.478784 0.057774 0.101721
1 0.614161 0.529781 0.039221 0.036585
0 0.440735 0.172848 0.025329 0.036544
0 0.476316 0.222883 0.040570 0.060246
0 0.580450 0.201523 0.035022 0.040205
0 0.532456 0.248839 0.040789 0.057787
0 0.594079 0.264686 0.052193 0.061612
0 0.313596 0.367473 0.035746 0.051612
0 0.339748 0.319877 0.031250 0.040574
0 0.389693 0.327664 0.053070 0.099044
0 0.419293 0.297247 0.024792 0.030642
0 0.458180 0.331557 0.039605 0.077869
0 0.524561 0.388730 0.047807 0.038115
0 0.534435 0.341400 0.045844 0.039658
0 0.583810 0.311885 0.035384 0.033607
0 0.626053 0.324426 0.035833 0.046776
0 0.693914 0.368169 0.060636 0.091803
0 0.529605 0.466940 0.028947 0.032787
0 0.286228 0.485997 0.041754 0.038661
0 0.349496 0.461680 0.043114 0.052869
0 0.402029 0.463320 0.049671 0.063251
0 0.448904 0.455669 0.028070 0.029098
0 0.459320 0.510451 0.033333 0.039481
0 0.575329 0.404781 0.042544 0.071038
0 0.632950 0.423292 0.031689 0.077732
0 0.598300 0.460792 0.027083 0.061749
0 0.669408 0.507582 0.051754 0.059153
0 0.670559 0.571448 0.055154 0.038251
0 0.648136 0.658962 0.021272 0.028579
0 0.685132 0.666182 0.036711 0.044658
0 0.445614 0.763566 0.022368 0.024508
0 0.427083 0.711680 0.026754 0.054235
0 0.465241 0.703607 0.037939 0.083770
0 0.521546 0.699795 0.024452 0.052596
0 0.363257 0.540437 0.035066 0.037432
0 0.408048 0.552869 0.043772 0.037978
0 0.477083 0.553415 0.028289 0.034973
0 0.518772 0.651865 0.028904 0.046079
0 0.521656 0.700000 0.024890 0.053552
0 0.551003 0.638525 0.023432 0.027322
0 0.582785 0.617281 0.025658 0.030464
0 0.593914 0.571721 0.022259 0.027049
0 0.618454 0.583743 0.025943 0.048224
0 0.445724 0.589754 0.055921 0.033060
0 0.508772 0.591598 0.039693 0.052049
0 0.556853 0.567760 0.032127 0.077869
