1 0.337818 0.554310 0.062917 0.101817
1 0.652160 0.657582 0.132018 0.093033
1 0.438103 0.545779 0.037171 0.080847
0 0.093191 0.404030 0.037039 0.037568
0 0.225768 0.531516 0.028947 0.040792
0 0.427248 0.800478 0.068750 0.045219
0 0.362242 0.704372 0.042226 0.048907
0 0.415620 0.698279 0.049463 0.080765
0 0.256650 0.577548 0.039287 0.045724
0 0.287292 0.651182 0.039671 0.074686
0 0.280450 0.464344 0.037215 0.050000
0 0.308531 0.494221 0.055263 0.057705
0 0.382522 0.565984 0.051184 0.046175
0 0.365077 0.624153 0.036952 0.052131
0 0.399671 0.611298 0.025877 0.028770
0 0.483268 0.738934 0.046579 0.063115
0 0.477950 0.664850 0.050022 0.057459
0 0.502357 0.627801 0.027083 0.040027
0 0.543279 0.609843 0.039583 0.046708
0 0.564024 0.565697 0.051075 0.042295
0 0.598904 0.590027 0.047368 0.055464
0 0.640362 0.613846 0.037917 0.044358
0 0.479622 0.569747 0.029792 0.036489
0 0.584622 0.799515 0.051480 0.100396
0 0.641409 0.767070 0.037094 0.049467
0 0.478745 0.525820 0.033081 0.031967
0 0.387007 0.423709 0.027303 0.033210
0 0.432862 0.463661 0.038443 0.044536
0 0.412829 0.156926 0.034868 0.046803
0 0.755082 0.665096 0.071634 0.050956
0 0.682566 0.433538 0.028289 0.034016
0 0.455099 0.328074 0.044627 0.042951
0 0.444561 0.200656 0.042741 0.057213
0 0.505345 0.400396 0.043103 0.061858
0 0.412533 0.308149 0.052127 0.070669
0 0.325822 0.411817 0.046162 0.050683
0 0.451541 0.277568 0.042116 0.057432
0 0.421985 0.235451 0.037829 0.054235
0 0.395554 0.205751 0.045713 0.061175
0 0.530373 0.297268 0.026754 0.031421
0 0.662637 0.507896 0.034923 0.064973
0 0.588832 0.484133 0.036831 0.041844
0 0.603021 0.382480 0.051020 0.056079
0 0.559205 0.394112 0.029814 0.032541
0 0.623224 0.416974 0.033947 0.039549
0 0.595340 0.336475 0.031908 0.041803
