0 0.677029 0.725342 0.043531 0.052596
0 0.326140 0.355396 0.062237 0.052596
0 0.256952 0.365779 0.034123 0.047131
0 0.586568 0.836817 0.032566 0.041667
0 0.554276 0.732514 0.033991 0.061475
0 0.461601 0.563525 0.065219 0.069672
0 0.507928 0.613770 0.059715 0.063169
0 0.417544 0.427186 0.049561 0.048634
0 0.455740 0.404303 0.031283 0.038388
0 0.499627 0.470984 0.088224 0.106230
0 0.509518 0.441387 0.017961 0.027199
0 0.412664 0.352117 0.057566 0.048770
1 0.473081 0.715437 0.074890 0.059016
0 0.367982 0.313777 0.055482 0.062609
0 0.480872 0.328094 0.057072 0.070861
0 0.576480 0.341940 0.042654 0.061749
0 0.641042 0.340232 0.066382 0.058880
0 0.701042 0.324385 0.039583 0.070902
0 0.588531 0.404577 0.046842 0.062978
0 0.763816 0.401298 0.036842 0.052869
0 0.732906 0.461906 0.041842 0.046134
0 0.631721 0.475615 0.045899 0.059973
0 0.597418 0.574112 0.070932 0.096858
0 0.703783 0.533825 0.059101 0.058306
0 0.661310 0.582568 0.040932 0.071967
0 0.629693 0.618716 0.032719 0.043989
0 0.458174 0.754372 0.032577 0.038798
0 0.235921 0.552869 0.032127 0.033060
0 0.444682 0.498907 0.028180 0.031967
0 0.427396 0.637432 0.026743 0.036339
0 0.394627 0.567773 0.051316 0.054672
1 0.409704 0.738934 0.058004 0.141257
0 0.371985 0.491257 0.041996 0.053279
0 0.236952 0.446380 0.048026 0.062158
0 0.260855 0.528415 0.034649 0.051639
0 0.280866 0.609904 0.039803 0.047131
0 0.352467 0.690437 0.033004 0.043169
0 0.302736 0.707302 0.061612 0.088402
0 0.629715 0.222295 0.034868 0.040929
0 0.592862 0.268033 0.031996 0.043989
0 0.541996 0.257377 0.031579 0.038251
0 0.494189 0.244208 0.039693 0.050656
0 0.382818 0.250342 0.038925 0.046585
0 0.692379 0.658128 0.049890 0.042486
0 0.776151 0.639344 0.032566 0.038251
0 0.733882 0.616052 0.056798 0.065437
