0 0.306133 0.498774 0.041219 0.083115
0 0.656398 0.431631 0.024984 0.033574
0 0.567730 0.388291 0.035773 0.067207
0 0.558313 0.416421 0.038375 0.038057
0 0.516789 0.436064 0.053422 0.031582
0 0.441113 0.405879 0.049898 0.055039
0 0.538559 0.361768 0.030945 0.030371
0 0.495789 0.372700 0.024141 0.024326
0 0.461527 0.366396 0.020414 0.028730
0 0.407340 0.363364 0.026727 0.040068
0 0.605137 0.334033 0.054648 0.035645
0 0.511699 0.331250 0.031727 0.040430
0 0.479234 0.317163 0.025375 0.055518
0 0.436176 0.329209 0.029648 0.026934
0 0.393324 0.305723 0.024305 0.032598
1 0.680859 0.474507 0.030312 0.150186
0 0.323633 0.408115 0.033828 0.037871
0 0.644980 0.519043 0.024492 0.050391
0 0.551660 0.627295 0.038164 0.045801
0 0.591109 0.624053 0.033750 0.054238
0 0.547773 0.675977 0.036953 0.048047
0 0.501570 0.736816 0.025922 0.025391
0 0.477641 0.718579 0.036375 0.029443
0 0.509078 0.681943 0.021063 0.030000
0 0.481906 0.684756 0.024281 0.037734
0 0.503867 0.709014 0.020547 0.027656
0 0.613594 0.705557 0.029375 0.032988
0 0.570148 0.715483 0.026047 0.036221
0 0.554875 0.755942 0.031656 0.034990
0 0.396938 0.747412 0.042766 0.033496
0 0.525273 0.649248 0.021234 0.023574
0 0.663566 0.641753 0.020102 0.023740
0 0.463285 0.614844 0.039695 0.035742
0 0.636797 0.622964 0.030469 0.056807
0 0.341918 0.663735 0.028367 0.050850
0 0.310035 0.651460 0.038664 0.033994
0 0.625777 0.581094 0.039039 0.038984
0 0.524699 0.573960 0.032633 0.050322
0 0.477844 0.565127 0.023062 0.030684
0 0.400441 0.544771 0.042633 0.032725
0 0.623871 0.495190 0.024461 0.039307
0 0.591250 0.473779 0.031250 0.063379
0 0.571168 0.510840 0.021570 0.034180
0 0.537211 0.489355 0.028187 0.060156
0 0.442203 0.476299 0.053625 0.041738
0 0.366535 0.479297 0.024008 0.033008
0 0.346566 0.426465 0.042383 0.049805
