0 0.414340 0.339111 0.019445 0.021582
0 0.686395 0.517676 0.023258 0.049219
0 0.616703 0.510781 0.042938 0.051094
1 0.538082 0.357217 0.057258 0.035176
0 0.386637 0.391455 0.036242 0.025684
0 0.449727 0.375830 0.059609 0.039160
0 0.436836 0.570898 0.025547 0.060937
0 0.468750 0.310693 0.046406 0.048340
0 0.556367 0.312402 0.028359 0.031055
0 0.635156 0.369727 0.038281 0.054102
0 0.311426 0.571680 0.022305 0.038281
0 0.346895 0.528613 0.022305 0.054688
0 0.369996 0.526807 0.019523 0.031152
0 0.398828 0.502100 0.020156 0.038184
0 0.519219 0.483838 0.023281 0.030957
0 0.377891 0.612207 0.028750 0.051953
0 0.390836 0.677393 0.027078 0.024121
0 0.414258 0.662637 0.026016 0.043828
0 0.405859 0.579004 0.027344 0.046484
0 0.411875 0.530176 0.018281 0.026563
0 0.595000 0.758608 0.015000 0.017744
0 0.613070 0.712598 0.031297 0.040820
0 0.582410 0.700928 0.039352 0.045410
0 0.458281 0.661621 0.015625 0.020898
0 0.468594 0.681055 0.034063 0.031836
0 0.477539 0.643457 0.023359 0.025781
0 0.508484 0.631689 0.036094 0.023730
0 0.446914 0.621289 0.035078 0.036719
0 0.486793 0.538818 0.043133 0.034473
0 0.512031 0.579004 0.029219 0.031836
0 0.528664 0.613037 0.028469 0.034277
0 0.571082 0.643896 0.049867 0.049902
0 0.540586 0.550742 0.018359 0.021367
0 0.550039 0.506201 0.028203 0.055566
0 0.569676 0.517827 0.019711 0.044033
0 0.577063 0.562363 0.017437 0.030977
0 0.586523 0.595752 0.036016 0.050098
0 0.643164 0.603418 0.019141 0.023828
0 0.663438 0.594824 0.021563 0.025586
0 0.505156 0.406982 0.021406 0.026270
0 0.561094 0.460400 0.027031 0.029980
0 0.641297 0.456592 0.036969 0.069043
0 0.582891 0.432178 0.027344 0.030762
0 0.604492 0.456738 0.021172 0.024609
0 0.536164 0.437939 0.015922 0.021973
0 0.412602 0.446826 0.026297 0.032129
0 0.457344 0.436475 0.030781 0.070215
