0 0.502083 0.546926 0.027632 0.033743
0 0.622039 0.491708 0.073465 0.090902
0 0.658235 0.552630 0.033311 0.082445
0 0.718794 0.533941 0.049474 0.075287
1 0.363816 0.511059 0.047478 0.083593
0 0.432527 0.588723 0.040735 0.051516
0 0.405976 0.640369 0.029057 0.058607
0 0.473240 0.623538 0.040779 0.038989
0 0.092544 0.666598 0.025439 0.033743
0 0.067160 0.644809 0.080592 0.075410
0 0.572390 0.672336 0.026096 0.037842
0 0.648355 0.685519 0.020833 0.024317
0 0.635702 0.715779 0.028860 0.034016
0 0.559320 0.719604 0.042105 0.054508
0 0.585658 0.844194 0.044342 0.097404
0 0.475932 0.808607 0.041557 0.086885
0 0.366162 0.839180 0.064167 0.069344
0 0.174452 0.789071 0.042982 0.061475
0 0.312495 0.690471 0.029594 0.042555
0 0.346820 0.733470 0.029167 0.040437
1 0.282242 0.451216 0.072533 0.159208
0 0.041820 0.054235 0.032368 0.036885
0 0.220422 0.040369 0.053454 0.037842
0 0.242050 0.079850 0.036732 0.037568
0 0.275658 0.147951 0.055482 0.074590
0 0.072752 0.127275 0.025768 0.029604
0 0.333882 0.262978 0.027193 0.032787
0 0.365488 0.242070 0.027489 0.032254
0 0.429934 0.156967 0.031140 0.073224
0 0.458706 0.176913 0.028816 0.044262
0 0.548986 0.164344 0.044792 0.067213
0 0.524156 0.265984 0.052039 0.048361
0 0.414748 0.331421 0.027961 0.062842
0 0.133257 0.463730 0.056206 0.074180
0 0.090022 0.513818 0.026535 0.063893
1 0.372971 0.123361 0.036930 0.071858
0 0.534211 0.340984 0.037281 0.039617
0 0.574940 0.353552 0.037401 0.037158
0 0.606793 0.363730 0.025208 0.038934
0 0.636508 0.366530 0.032884 0.037158
0 0.342100 0.423839 0.048893 0.037842
0 0.386118 0.429173 0.045066 0.033730
1 0.490938 0.415150 0.036042 0.036093
0 0.451623 0.429495 0.036579 0.122295
0 0.549194 0.471482 0.032752 0.064276
