0 0.521687 0.457212 0.027406 0.054717
0 0.364766 0.416113 0.028750 0.039258
0 0.396914 0.446631 0.043047 0.039160
0 0.667617 0.469873 0.028828 0.053613
0 0.638867 0.468066 0.030234 0.062109
0 0.369285 0.672900 0.025430 0.030371
0 0.446055 0.680371 0.027109 0.029883
0 0.512031 0.697656 0.029375 0.031055
0 0.557031 0.705518 0.034375 0.030762
0 0.523242 0.655762 0.019766 0.021875
0 0.419844 0.577998 0.029063 0.032676
0 0.440312 0.605566 0.042500 0.039453
0 0.497438 0.616064 0.042188 0.074512
0 0.559414 0.626416 0.032578 0.033301
0 0.471406 0.531006 0.028906 0.030566
0 0.497383 0.564990 0.026172 0.027832
0 0.532637 0.563574 0.039602 0.061133
0 0.559141 0.585254 0.027344 0.027344
0 0.487973 0.481387 0.026711 0.051641
0 0.343867 0.595898 0.020859 0.029102
0 0.380898 0.530518 0.028672 0.026660
0 0.554074 0.441504 0.037742 0.047266
0 0.548906 0.656738 0.020313 0.027148
0 0.366602 0.499219 0.029766 0.029687
0 0.335648 0.503467 0.021641 0.025879
0 0.576328 0.548340 0.041719 0.044141
0 0.607930 0.565967 0.024453 0.042090
0 0.610547 0.529150 0.017656 0.023730
0 0.563359 0.491235 0.026719 0.056494
0 0.525742 0.500566 0.040859 0.033047
1 0.365820 0.574707 0.064141 0.083594
1 0.419258 0.507856 0.024141 0.050498
1 0.589820 0.440630 0.044906 0.070693
0 0.479258 0.262500 0.061172 0.042773
0 0.560098 0.260449 0.039883 0.030664
0 0.389133 0.322754 0.026422 0.026758
0 0.418320 0.342090 0.031797 0.054297
0 0.520711 0.305259 0.025141 0.028154
0 0.553633 0.317969 0.037109 0.038281
0 0.639555 0.374658 0.030328 0.079980
0 0.673945 0.396045 0.045234 0.077637
0 0.566922 0.375220 0.048187 0.062861
0 0.520695 0.349985 0.050891 0.035576
0 0.377734 0.364990 0.035469 0.045410
0 0.460313 0.391797 0.028437 0.060020
0 0.415508 0.409668 0.026328 0.030078
