1 0.496014 0.376475 0.051524 0.096230
0 0.261623 0.556755 0.030702 0.098784
0 0.531689 0.692350 0.025000 0.074590
0 0.305976 0.562090 0.026645 0.036749
0 0.336820 0.508272 0.070877 0.036216
0 0.355137 0.585663 0.053980 0.051899
0 0.513925 0.590984 0.032675 0.047814
0 0.390406 0.438320 0.041118 0.047404
0 0.477610 0.466120 0.054868 0.039617
0 0.474759 0.508825 0.054561 0.046612
0 0.525822 0.499385 0.035197 0.034016
0 0.490603 0.547691 0.048904 0.060246
0 0.354320 0.441940 0.028509 0.078962
0 0.301749 0.394194 0.043629 0.138115
0 0.268207 0.413572 0.034857 0.076134
0 0.381711 0.371516 0.078399 0.049317
0 0.332072 0.293852 0.034759 0.030328
0 0.367763 0.320451 0.045395 0.044727
0 0.420110 0.308552 0.045724 0.080219
0 0.424468 0.203005 0.041853 0.043716
0 0.433772 0.244672 0.094956 0.042350
0 0.494079 0.261858 0.034430 0.051038
0 0.534660 0.349358 0.029846 0.028251
0 0.535987 0.296148 0.043465 0.039290
0 0.573788 0.237445 0.028279 0.070765
0 0.638980 0.218579 0.066338 0.050273
0 0.576151 0.374863 0.027961 0.028142
0 0.619682 0.349658 0.059320 0.050137
0 0.608114 0.390266 0.034868 0.037363
0 0.667094 0.406352 0.025899 0.035656
0 0.649402 0.297077 0.064375 0.072295
0 0.700937 0.272609 0.038695 0.052049
0 0.678673 0.189891 0.070943 0.071311
0 0.789474 0.242486 0.035965 0.045628
0 0.759019 0.391489 0.032840 0.114399
0 0.814309 0.418210 0.059320 0.032869
0 0.617270 0.483811 0.072259 0.056148
0 0.632785 0.546038 0.033772 0.064208
0 0.606524 0.656585 0.077083 0.101694
0 0.628947 0.704440 0.056140 0.061066
0 0.606140 0.656899 0.076754 0.101230
0 0.780263 0.543989 0.071930 0.050000
0 0.797643 0.614276 0.044846 0.045765
0 0.835197 0.625888 0.029605 0.032377
0 0.637895 0.778224 0.042456 0.072022
0 0.711952 0.780874 0.029605 0.076503
0 0.801316 0.731967 0.035307 0.036339
0 0.703728 0.739153 0.062500 0.042240
