0 0.495039 0.298242 0.020078 0.023633
1 0.357773 0.515625 0.087734 0.044531
1 0.371188 0.613730 0.045547 0.029980
1 0.582285 0.342583 0.046836 0.029092
0 0.483828 0.275879 0.022656 0.029883
0 0.505547 0.253354 0.016875 0.022920
0 0.562734 0.252783 0.026562 0.026074
0 0.420187 0.308066 0.018063 0.043867
0 0.448047 0.285889 0.016406 0.025879
0 0.296484 0.463184 0.027969 0.027539
0 0.326484 0.410283 0.022812 0.025645
0 0.369766 0.367188 0.033750 0.045898
0 0.467793 0.352148 0.039023 0.034766
0 0.403867 0.412207 0.054141 0.074023
0 0.330898 0.472456 0.020656 0.054873
0 0.497617 0.822217 0.059766 0.053418
0 0.552582 0.830161 0.035008 0.033760
0 0.599172 0.736328 0.043781 0.051367
0 0.644453 0.696289 0.027969 0.037305
0 0.484805 0.785439 0.022422 0.023457
0 0.606219 0.669380 0.028031 0.023740
0 0.422695 0.710156 0.019766 0.030469
0 0.516898 0.700977 0.038703 0.058984
0 0.549734 0.749023 0.048656 0.043164
0 0.384180 0.532207 0.024297 0.021641
0 0.433672 0.519873 0.032031 0.036230
0 0.478602 0.442480 0.034984 0.034570
0 0.437973 0.451318 0.027820 0.046973
0 0.740949 0.422705 0.026430 0.057715
0 0.660285 0.396143 0.024461 0.035449
0 0.618730 0.390791 0.041148 0.051035
0 0.708164 0.438525 0.021172 0.048340
0 0.680344 0.480376 0.036031 0.038662
0 0.481797 0.553223 0.035625 0.034375
0 0.577656 0.589014 0.022500 0.025488
0 0.594805 0.556641 0.068516 0.048437
0 0.672109 0.588501 0.034922 0.055264
0 0.706582 0.589658 0.030352 0.036348
0 0.522930 0.583105 0.036016 0.026367
0 0.561316 0.620708 0.033930 0.057217
0 0.305664 0.639502 0.045234 0.047559
0 0.363320 0.662065 0.033203 0.049326
0 0.451562 0.632471 0.024844 0.029004
0 0.335246 0.754687 0.025758 0.034766
0 0.394770 0.791553 0.043273 0.032910
0 0.711656 0.702075 0.014625 0.021436
