0 0.595273 0.263477 0.033828 0.027344
0 0.575949 0.300703 0.055914 0.028672
0 0.425586 0.383076 0.030547 0.063145
0 0.511328 0.339570 0.036250 0.046133
0 0.576219 0.341113 0.024469 0.041992
0 0.643500 0.290625 0.029094 0.037109
0 0.623242 0.332295 0.034922 0.052988
0 0.643633 0.347334 0.016797 0.023379
0 0.671828 0.359297 0.019437 0.026328
0 0.649211 0.380176 0.020172 0.038867
0 0.603477 0.384424 0.023047 0.052832
0 0.624023 0.386670 0.018984 0.039355
0 0.609367 0.521602 0.030922 0.025742
0 0.417086 0.469985 0.025891 0.063994
0 0.453930 0.457813 0.038391 0.082617
0 0.512980 0.420254 0.023648 0.032148
0 0.571953 0.397432 0.036875 0.055605
0 0.687453 0.410254 0.059297 0.033203
0 0.635594 0.537061 0.021469 0.024121
0 0.699430 0.500586 0.023547 0.094531
0 0.678848 0.504341 0.028164 0.032529
0 0.534555 0.700557 0.053484 0.030332
0 0.600609 0.674609 0.025875 0.035742
0 0.616125 0.480322 0.018109 0.029980
0 0.610613 0.452979 0.071883 0.069238
0 0.642852 0.485176 0.034609 0.057656
0 0.345664 0.622119 0.024969 0.026465
0 0.414289 0.582520 0.025641 0.049922
0 0.440496 0.567495 0.019586 0.035908
0 0.478785 0.505469 0.023367 0.030469
0 0.453711 0.457715 0.039141 0.083398
1 0.672383 0.460156 0.019453 0.058594
0 0.643437 0.571533 0.049844 0.058887
0 0.532383 0.537012 0.054141 0.053516
0 0.586797 0.560059 0.049531 0.052734
0 0.391914 0.671729 0.043359 0.045410
0 0.518875 0.579897 0.049984 0.022627
0 0.463828 0.656738 0.019844 0.033398
0 0.486570 0.614404 0.031422 0.045605
0 0.518437 0.617139 0.038438 0.047363
0 0.559766 0.611826 0.063438 0.063262
0 0.567031 0.646387 0.041063 0.040039
0 0.604707 0.622866 0.025195 0.045537
0 0.635547 0.630908 0.030625 0.038379
0 0.497773 0.674951 0.049297 0.047949
0 0.470238 0.193232 0.041086 0.032480
0 0.579414 0.237163 0.020234 0.027842
