0 0.572539 0.456396 0.024453 0.051074
0 0.609426 0.486006 0.048961 0.028965
0 0.671562 0.591602 0.030781 0.052148
0 0.419789 0.721953 0.023422 0.034453
0 0.443844 0.687832 0.022594 0.026094
0 0.478152 0.721387 0.036977 0.033008
0 0.365227 0.458301 0.023766 0.025781
0 0.378203 0.484678 0.044219 0.046895
0 0.358949 0.433667 0.069148 0.029150
0 0.333297 0.396240 0.025000 0.023926
0 0.388789 0.377529 0.023359 0.048047
0 0.370078 0.329053 0.040781 0.030762
0 0.438594 0.252793 0.023594 0.052031
0 0.539594 0.276270 0.029812 0.033203
0 0.568633 0.306055 0.020547 0.028320
0 0.485012 0.348145 0.025492 0.034180
0 0.545121 0.350283 0.013836 0.020723
0 0.520961 0.364453 0.020906 0.039453
0 0.485496 0.396211 0.017398 0.027500
0 0.512148 0.401953 0.021484 0.034375
0 0.567344 0.389648 0.051406 0.063281
0 0.634648 0.379180 0.033516 0.028750
0 0.622332 0.412441 0.032633 0.023555
0 0.638398 0.523096 0.017422 0.025098
0 0.485711 0.690923 0.046172 0.043545
0 0.527680 0.673779 0.037766 0.025488
0 0.569609 0.672656 0.039375 0.036914
0 0.512227 0.627783 0.031016 0.035254
0 0.528594 0.577344 0.026875 0.032227
0 0.542539 0.591455 0.055391 0.046777
0 0.570871 0.551221 0.034086 0.044043
0 0.624688 0.569336 0.047031 0.038672
0 0.628711 0.611914 0.038828 0.059570
1 0.433145 0.509824 0.047773 0.052422
0 0.456480 0.492188 0.027961 0.046680
0 0.474789 0.491069 0.018109 0.018838
0 0.514672 0.488149 0.032625 0.053779
0 0.484961 0.453521 0.021328 0.057373
0 0.467070 0.552051 0.026328 0.034766
0 0.403484 0.573213 0.019687 0.024863
0 0.434023 0.562305 0.023047 0.041016
0 0.356672 0.573877 0.039281 0.044238
0 0.362566 0.635742 0.025492 0.036914
0 0.432668 0.639990 0.027680 0.026660
0 0.295691 0.502100 0.019039 0.023145
0 0.378527 0.484668 0.044039 0.047070
1 0.406434 0.605615 0.065695 0.027832
0 0.433309 0.437456 0.036773 0.025479
0 0.474023 0.271387 0.022422 0.024805
