0 0.433664 0.577710 0.027047 0.056885
0 0.506668 0.539893 0.029633 0.034863
0 0.547355 0.557520 0.036742 0.077734
0 0.525086 0.439668 0.021547 0.076523
0 0.605602 0.393848 0.055828 0.054883
0 0.639469 0.621641 0.023625 0.063164
0 0.682961 0.561719 0.040609 0.037891
0 0.653641 0.579663 0.027438 0.039502
0 0.621266 0.575010 0.021438 0.039668
0 0.587305 0.585972 0.022734 0.051104
0 0.596289 0.663687 0.021484 0.063447
0 0.557617 0.389180 0.027734 0.063320
0 0.479492 0.414775 0.026797 0.065293
0 0.454023 0.414111 0.020703 0.044434
0 0.587449 0.512793 0.068070 0.035547
0 0.630508 0.497222 0.020234 0.057334
0 0.584957 0.476250 0.054289 0.039492
0 0.683168 0.562080 0.040242 0.037246
0 0.682070 0.523960 0.026641 0.032158
0 0.666727 0.502246 0.040953 0.038867
0 0.683887 0.466465 0.028914 0.029668
0 0.699281 0.433838 0.030750 0.049707
0 0.665043 0.399756 0.037586 0.052246
0 0.630328 0.359229 0.027781 0.047363
0 0.538422 0.349697 0.051125 0.052168
1 0.473406 0.575991 0.049437 0.077568
0 0.394699 0.381362 0.052477 0.054854
0 0.357355 0.519629 0.038570 0.028516
0 0.318754 0.529541 0.038289 0.031348
0 0.323969 0.566895 0.036281 0.031836
0 0.350098 0.587158 0.035898 0.047754
0 0.373398 0.602979 0.018828 0.025488
0 0.454461 0.692944 0.025859 0.028174
0 0.411305 0.627710 0.028187 0.029404
0 0.394488 0.657710 0.052492 0.035947
0 0.443352 0.473281 0.018922 0.030391
0 0.415430 0.466997 0.022266 0.025205
0 0.357883 0.484766 0.023766 0.031445
0 0.320672 0.472378 0.043969 0.040986
0 0.478977 0.678545 0.026828 0.031836
0 0.526020 0.666025 0.040430 0.050547
0 0.388125 0.429346 0.041562 0.041699
0 0.470785 0.484014 0.026664 0.042324
0 0.384656 0.571543 0.019766 0.025117
0 0.394215 0.546353 0.021383 0.022920
0 0.404930 0.516650 0.058609 0.074121
0 0.460473 0.621753 0.021383 0.040479
