1 0.432574 0.510425 0.050008 0.084229
0 0.568047 0.229443 0.023594 0.029395
0 0.515996 0.256914 0.038789 0.033437
0 0.564805 0.259570 0.031484 0.028125
0 0.620891 0.355371 0.020844 0.027148
0 0.539949 0.299268 0.020992 0.031934
0 0.618324 0.294629 0.036805 0.038086
0 0.657461 0.331250 0.046484 0.037891
0 0.455000 0.289844 0.022656 0.034375
0 0.504109 0.327861 0.023687 0.031445
0 0.486367 0.319385 0.026172 0.045410
0 0.487312 0.354849 0.015875 0.022529
0 0.528758 0.360352 0.035922 0.033789
0 0.598445 0.385596 0.045172 0.037207
0 0.664559 0.424463 0.019586 0.024316
0 0.626914 0.417871 0.030078 0.039258
0 0.529180 0.391113 0.022109 0.026172
0 0.581473 0.294141 0.033258 0.029492
0 0.453875 0.489106 0.029125 0.041123
0 0.409578 0.551904 0.050719 0.052832
0 0.419258 0.433691 0.020547 0.031641
0 0.443805 0.454395 0.024953 0.022852
0 0.494148 0.425586 0.030391 0.025586
0 0.407559 0.356660 0.015664 0.024570
0 0.357688 0.483594 0.023188 0.043555
0 0.362930 0.521680 0.018359 0.025195
0 0.339434 0.557139 0.023789 0.030449
0 0.520695 0.462646 0.025141 0.025879
0 0.593320 0.477344 0.025859 0.032227
0 0.597383 0.517627 0.022578 0.029590
0 0.621914 0.492383 0.038359 0.041797
0 0.443000 0.744775 0.018219 0.024512
0 0.405859 0.741016 0.034062 0.031250
0 0.596359 0.579004 0.052719 0.049414
0 0.447285 0.593311 0.034336 0.048340
0 0.403559 0.630615 0.020711 0.040137
0 0.372453 0.655518 0.024469 0.052246
0 0.325117 0.656543 0.019922 0.033398
0 0.563711 0.526563 0.031641 0.034766
0 0.415117 0.679688 0.017422 0.020898
0 0.549844 0.625781 0.050625 0.064648
0 0.406582 0.707373 0.025430 0.026660
0 0.429219 0.714692 0.018438 0.023135
0 0.464336 0.647607 0.033359 0.031348
0 0.580469 0.621724 0.022031 0.022568
0 0.522773 0.660869 0.022578 0.024082
0 0.485977 0.693779 0.039766 0.049668
0 0.448371 0.692485 0.022195 0.036514
