0 0.307401 0.767247 0.057566 0.041462
0 0.402357 0.660178 0.029276 0.079645
0 0.575768 0.263183 0.030263 0.106694
0 0.546875 0.213204 0.037390 0.072500
0 0.512182 0.248969 0.033925 0.067090
0 0.630044 0.203689 0.043860 0.072404
0 0.552138 0.334898 0.039145 0.049877
0 0.500877 0.331195 0.034211 0.050997
0 0.692818 0.323566 0.068531 0.058060
0 0.682204 0.360765 0.029890 0.035601
0 0.430921 0.275888 0.028289 0.082650
0 0.707626 0.407377 0.042007 0.044262
0 0.639748 0.403962 0.025987 0.034973
0 0.593092 0.381216 0.058991 0.037022
0 0.722253 0.479235 0.039419 0.033607
0 0.682785 0.519536 0.029386 0.051913
0 0.643366 0.544126 0.034978 0.048634
0 0.611974 0.494317 0.045285 0.084044
0 0.583257 0.491598 0.026996 0.031011
0 0.329309 0.417555 0.024276 0.040574
0 0.428904 0.422370 0.032105 0.057445
0 0.426365 0.473087 0.041107 0.051913
0 0.549139 0.512992 0.029353 0.030301
0 0.450115 0.500410 0.029836 0.041257
0 0.466612 0.541393 0.049671 0.056831
0 0.497314 0.617008 0.095066 0.044945
0 0.620652 0.620184 0.071853 0.094877
0 0.366891 0.786571 0.041020 0.065656
0 0.369567 0.259153 0.027094 0.044262
0 0.306623 0.301462 0.043991 0.069399
0 0.470943 0.148975 0.072149 0.053689
1 0.591941 0.433538 0.070724 0.051230
0 0.580471 0.633784 0.036601 0.073689
0 0.673766 0.608736 0.028037 0.054658
0 0.535526 0.696585 0.069079 0.073497
0 0.555937 0.783607 0.052445 0.060109
0 0.630488 0.752008 0.033761 0.048169
0 0.658783 0.726660 0.037741 0.040943
0 0.571820 0.751257 0.025877 0.037650
0 0.342982 0.624112 0.037939 0.104781
0 0.278575 0.548770 0.068289 0.065301
0 0.277566 0.618033 0.060614 0.035519
0 0.221475 0.601236 0.031985 0.041243
0 0.224402 0.651913 0.053827 0.039071
0 0.141404 0.723839 0.031667 0.101776
