0 0.487656 0.547607 0.016250 0.023926
0 0.479102 0.571328 0.061328 0.055937
0 0.552937 0.485498 0.044437 0.049707
0 0.529531 0.508496 0.024531 0.028711
0 0.445836 0.518555 0.020109 0.029492
0 0.414453 0.540771 0.047500 0.031738
0 0.360113 0.535352 0.029836 0.027734
1 0.488461 0.491553 0.039000 0.035840
0 0.432266 0.465332 0.019375 0.023047
0 0.389078 0.489307 0.047437 0.043066
0 0.481242 0.442139 0.040828 0.028223
0 0.651871 0.489111 0.046070 0.028027
0 0.551512 0.429248 0.019633 0.039160
0 0.611477 0.400635 0.038578 0.062793
0 0.503629 0.370630 0.028211 0.083545
0 0.475301 0.394141 0.022695 0.050977
0 0.433723 0.417202 0.035883 0.050811
0 0.389648 0.440869 0.053828 0.042090
0 0.459461 0.309766 0.022672 0.032617
0 0.436062 0.291934 0.021844 0.028594
0 0.424094 0.327314 0.019469 0.034707
0 0.402895 0.369390 0.021867 0.023525
0 0.527633 0.273779 0.020266 0.036035
1 0.502617 0.665332 0.028984 0.050391
1 0.573109 0.393760 0.048156 0.061934
0 0.414313 0.650732 0.037344 0.043652
0 0.451207 0.687500 0.030508 0.042969
0 0.489352 0.687061 0.029016 0.041895
0 0.489203 0.726709 0.033094 0.033496
0 0.532227 0.680322 0.018984 0.024316
0 0.566266 0.691211 0.029812 0.049805
0 0.596328 0.649854 0.024375 0.031543
0 0.562348 0.642607 0.028133 0.027285
0 0.580207 0.599243 0.026664 0.042920
0 0.599949 0.572266 0.021148 0.028711
0 0.610297 0.553662 0.031047 0.040332
0 0.623180 0.524336 0.042859 0.047227
0 0.379570 0.664160 0.039766 0.056250
0 0.542695 0.585400 0.034297 0.075879
0 0.560059 0.609478 0.020477 0.030459
0 0.381836 0.578511 0.036016 0.046279
0 0.419609 0.591504 0.027344 0.030078
0 0.382383 0.615576 0.028828 0.038574
0 0.445641 0.606055 0.032063 0.082031
0 0.483047 0.608350 0.047344 0.055566
0 0.508906 0.544629 0.032969 0.047852
