0 0.324336 0.489014 0.022891 0.051660
0 0.464105 0.322861 0.061648 0.059473
0 0.603160 0.517236 0.023523 0.047871
0 0.637859 0.501318 0.037328 0.033105
0 0.667602 0.493687 0.026047 0.032354
0 0.459727 0.357324 0.072578 0.061523
0 0.348438 0.535645 0.022187 0.029883
0 0.502031 0.318750 0.039219 0.030273
0 0.561504 0.341445 0.032852 0.029023
0 0.639664 0.368437 0.019281 0.025469
0 0.585645 0.410205 0.037930 0.063965
0 0.614219 0.397324 0.021563 0.023711
0 0.648359 0.429507 0.022969 0.077959
0 0.665094 0.437383 0.017656 0.024453
0 0.563191 0.472896 0.038258 0.029795
0 0.615102 0.460205 0.030516 0.043652
0 0.368988 0.384150 0.021398 0.053457
0 0.398320 0.421924 0.030703 0.036230
0 0.362711 0.453525 0.026031 0.062988
0 0.442668 0.494189 0.023617 0.051074
0 0.402402 0.497412 0.021133 0.036230
0 0.552945 0.554087 0.042609 0.051592
0 0.574023 0.597070 0.027734 0.053906
0 0.382715 0.608643 0.020586 0.058301
0 0.408555 0.583833 0.029922 0.053428
0 0.438594 0.590918 0.027031 0.032031
0 0.625020 0.650537 0.052305 0.046777
0 0.632789 0.551816 0.024422 0.042461
0 0.650984 0.585776 0.028078 0.028643
0 0.420922 0.686963 0.028469 0.045020
0 0.391715 0.650977 0.022648 0.028320
0 0.514219 0.654639 0.024063 0.031934
0 0.539687 0.661816 0.042188 0.075000
0 0.427930 0.648569 0.023203 0.027861
0 0.459926 0.664927 0.026867 0.041240
0 0.483598 0.635190 0.033758 0.049346
0 0.602016 0.607085 0.024812 0.045400
0 0.542734 0.293018 0.050156 0.030566
1 0.453117 0.423975 0.061859 0.040332
1 0.508398 0.468701 0.042266 0.051855
0 0.591562 0.321729 0.019531 0.028223
0 0.534961 0.530635 0.022891 0.028184
0 0.511562 0.522656 0.048281 0.072070
0 0.483039 0.511763 0.027203 0.031748
0 0.420020 0.536475 0.071289 0.036230
0 0.507188 0.585254 0.047656 0.042969
0 0.458066 0.393193 0.020195 0.026309
