0 0.429518 0.554317 0.026360 0.036721
0 0.379386 0.516393 0.058114 0.046175
0 0.281031 0.655533 0.030702 0.044672
0 0.341283 0.713115 0.057566 0.087978
0 0.397423 0.667964 0.041557 0.037295
0 0.333443 0.580874 0.057456 0.058743
0 0.433388 0.625137 0.039145 0.039344
0 0.502818 0.392623 0.041075 0.058743
0 0.502029 0.323907 0.055154 0.036612
0 0.625433 0.437602 0.030910 0.036270
0 0.647725 0.399249 0.038432 0.053142
0 0.675817 0.381352 0.045932 0.041393
0 0.714572 0.417145 0.023421 0.037295
0 0.748043 0.405649 0.040164 0.085150
1 0.575384 0.389071 0.093969 0.098087
1 0.580428 0.705027 0.032785 0.113443
0 0.498328 0.219652 0.045340 0.046680
0 0.546820 0.224952 0.034430 0.040260
0 0.677325 0.260724 0.024956 0.027732
0 0.383662 0.268921 0.031140 0.052596
0 0.385779 0.312978 0.023180 0.030601
0 0.355921 0.350273 0.038158 0.058743
0 0.267643 0.376544 0.023925 0.031612
0 0.296754 0.352322 0.050746 0.039344
0 0.310636 0.425137 0.031360 0.034153
0 0.404331 0.449590 0.031469 0.040984
0 0.429386 0.372336 0.046711 0.060519
0 0.530866 0.466940 0.032566 0.049454
0 0.558717 0.509085 0.034320 0.048224
0 0.581754 0.479966 0.022939 0.030970
0 0.548575 0.796175 0.052851 0.045902
0 0.503728 0.772131 0.029605 0.029508
0 0.484539 0.743443 0.053070 0.056831
0 0.415680 0.770628 0.025658 0.028415
0 0.461694 0.692145 0.029309 0.041120
0 0.544995 0.655943 0.024419 0.030738
0 0.510910 0.638798 0.030592 0.036066
0 0.663651 0.748962 0.025987 0.038689
0 0.645916 0.702971 0.042489 0.035587
0 0.713799 0.638934 0.029857 0.065027
0 0.750822 0.556489 0.031689 0.063798
0 0.671107 0.579098 0.025768 0.044809
0 0.713640 0.551161 0.041096 0.050410
0 0.647862 0.496038 0.031908 0.037978
0 0.514638 0.535792 0.050329 0.066940
0 0.463405 0.543169 0.042599 0.061202
