0 0.520175 0.635587 0.053289 0.102869
0 0.511732 0.538115 0.032675 0.041257
0 0.661184 0.528962 0.038816 0.066667
0 0.733871 0.499781 0.026864 0.051913
0 0.363706 0.621790 0.036184 0.043306
0 0.386897 0.587049 0.040899 0.048197
0 0.444627 0.599863 0.053728 0.045902
0 0.424561 0.655533 0.030044 0.037295
0 0.412336 0.718784 0.050987 0.064344
0 0.459868 0.711407 0.032895 0.042486
0 0.552752 0.727158 0.051776 0.053060
0 0.557511 0.655874 0.041338 0.064754
0 0.559638 0.791598 0.031798 0.036202
0 0.643037 0.703607 0.058662 0.068689
0 0.635674 0.633948 0.029529 0.039481
0 0.720285 0.578873 0.044956 0.058101
0 0.675603 0.654918 0.044846 0.051639
1 0.584101 0.420765 0.088816 0.077869
0 0.604364 0.306434 0.050921 0.075437
0 0.684265 0.252869 0.056469 0.066120
0 0.606996 0.029419 0.056184 0.046516
0 0.644134 0.082992 0.036513 0.051776
0 0.630757 0.146653 0.067215 0.058607
0 0.498465 0.100342 0.073026 0.085109
0 0.511129 0.182923 0.034759 0.050000
0 0.569463 0.223019 0.043092 0.056148
0 0.632511 0.195867 0.036513 0.044057
0 0.450713 0.171926 0.036513 0.059153
0 0.425110 0.206148 0.056579 0.066667
0 0.358553 0.244194 0.064912 0.081557
0 0.406140 0.243272 0.039693 0.041544
0 0.542270 0.275546 0.032785 0.040437
0 0.518969 0.242691 0.053509 0.070902
0 0.569737 0.221107 0.041886 0.052869
0 0.426754 0.310383 0.031579 0.042350
0 0.386239 0.302254 0.052961 0.062705
0 0.343805 0.340301 0.042873 0.066393
0 0.362281 0.384836 0.030482 0.031421
0 0.302357 0.402186 0.038048 0.063388
0 0.331031 0.468852 0.042763 0.042623
0 0.373871 0.465861 0.038048 0.043197
0 0.434265 0.412022 0.045943 0.097541
0 0.513706 0.487842 0.062281 0.047814
0 0.694134 0.427186 0.061075 0.055738
0 0.648794 0.417910 0.019956 0.014508
0 0.347039 0.545786 0.037939 0.052227
0 0.397807 0.540642 0.051535 0.044945
0 0.450493 0.534563 0.029934 0.035519
