0 0.379331 0.675273 0.046601 0.071585
0 0.432401 0.693217 0.032346 0.046817
0 0.465384 0.757753 0.035022 0.055806
0 0.502462 0.758572 0.027314 0.026844
0 0.504380 0.660055 0.032971 0.040000
0 0.534605 0.608197 0.046579 0.044536
0 0.547950 0.649563 0.043421 0.033388
0 0.554441 0.703286 0.025110 0.034986
0 0.614024 0.725232 0.049079 0.041066
0 0.588706 0.613115 0.056140 0.086885
0 0.662171 0.683197 0.030921 0.038251
0 0.566014 0.497671 0.054375 0.048402
0 0.641650 0.577220 0.037248 0.046981
0 0.646612 0.528074 0.030921 0.038115
0 0.745461 0.637801 0.034079 0.048169
0 0.694901 0.518374 0.048355 0.062978
0 0.773421 0.555669 0.027982 0.032650
0 0.392138 0.571790 0.035461 0.042486
0 0.363624 0.468272 0.059529 0.052719
0 0.541469 0.434016 0.039079 0.039344
0 0.285159 0.480738 0.038673 0.060383
0 0.473849 0.505191 0.026645 0.031694
0 0.249474 0.576318 0.075921 0.055833
0 0.772204 0.437083 0.035855 0.076352
0 0.675121 0.444556 0.033969 0.042855
0 0.673629 0.357992 0.049013 0.059699
0 0.606140 0.343648 0.048684 0.056148
0 0.501151 0.377507 0.032785 0.066571
0 0.479633 0.440328 0.037555 0.076995
0 0.740515 0.286202 0.030154 0.035246
0 0.642341 0.276530 0.040757 0.042869
0 0.551491 0.278142 0.036930 0.059016
0 0.490258 0.315116 0.047336 0.039522
0 0.466338 0.342199 0.032018 0.037732
0 0.432697 0.364952 0.037215 0.043538
0 0.398734 0.334153 0.033015 0.041803
0 0.370422 0.389296 0.030208 0.038484
0 0.293514 0.425048 0.025252 0.032883
0 0.612654 0.211182 0.032303 0.052227
0 0.379402 0.236503 0.074156 0.043388
1 0.708958 0.604508 0.071338 0.112322
1 0.293037 0.321202 0.045175 0.064153
0 0.423914 0.555669 0.034846 0.043033
0 0.420899 0.515048 0.045088 0.052418
0 0.459644 0.552391 0.035537 0.036475
0 0.349331 0.541004 0.041031 0.051052
0 0.489627 0.244549 0.032325 0.070683
