0 0.461094 0.398047 0.034094 0.034766
0 0.530336 0.383105 0.030828 0.036328
0 0.512734 0.413135 0.018125 0.023926
0 0.458824 0.459326 0.032805 0.040332
0 0.495754 0.438867 0.052492 0.057227
0 0.608563 0.443262 0.019844 0.024219
0 0.553492 0.464941 0.020266 0.025000
0 0.508633 0.490088 0.035547 0.028809
0 0.451078 0.510249 0.023719 0.035537
0 0.353828 0.467676 0.023281 0.031836
0 0.337094 0.508838 0.035438 0.051465
0 0.365781 0.530908 0.043906 0.036035
0 0.391184 0.548047 0.018617 0.022266
0 0.415547 0.531494 0.022344 0.026465
0 0.417773 0.491602 0.039453 0.029102
0 0.668281 0.454053 0.027031 0.033887
0 0.652164 0.474756 0.020422 0.029980
0 0.621133 0.486914 0.031484 0.045117
0 0.572461 0.533740 0.042109 0.047949
0 0.644840 0.516797 0.032023 0.030469
0 0.648320 0.574902 0.027109 0.038086
0 0.577652 0.585693 0.027195 0.029590
0 0.340270 0.581445 0.018523 0.023242
0 0.395898 0.572979 0.037266 0.041152
0 0.445051 0.557603 0.023289 0.029521
0 0.484719 0.557227 0.035531 0.043164
0 0.512266 0.583789 0.029062 0.043555
0 0.539297 0.563086 0.028437 0.046680
0 0.414887 0.612451 0.046633 0.034473
0 0.406992 0.660547 0.022734 0.040820
0 0.428555 0.683594 0.029922 0.047656
0 0.493164 0.650098 0.038203 0.041797
0 0.538055 0.613550 0.025406 0.027979
1 0.519570 0.328223 0.064297 0.042187
0 0.554297 0.634473 0.024375 0.031250
0 0.538477 0.662500 0.028984 0.029102
0 0.538555 0.696924 0.029141 0.029004
0 0.570324 0.668701 0.025273 0.029590
0 0.554805 0.634033 0.024453 0.030762
0 0.362508 0.409375 0.024828 0.039648
0 0.451172 0.316992 0.022500 0.030664
0 0.461992 0.352197 0.059766 0.039941
0 0.395000 0.357178 0.038750 0.040137
0 0.394570 0.440381 0.033984 0.033301
0 0.585039 0.353369 0.038047 0.034277
0 0.619180 0.540869 0.027109 0.042676
