0 0.583426 0.499819 0.053883 0.039131
0 0.404691 0.356592 0.019211 0.062012
0 0.375211 0.262881 0.028391 0.051973
0 0.416066 0.260303 0.045992 0.027441
0 0.476090 0.270703 0.026758 0.024609
0 0.448242 0.403755 0.046953 0.038389
0 0.422813 0.301221 0.062031 0.041113
0 0.518531 0.307090 0.045812 0.053984
0 0.477238 0.222607 0.023227 0.028027
0 0.534207 0.251665 0.025648 0.027334
0 0.577051 0.293262 0.025508 0.025391
0 0.560191 0.334668 0.025086 0.034180
0 0.503516 0.432070 0.025938 0.028242
0 0.507625 0.400483 0.017125 0.025010
0 0.533828 0.397705 0.033125 0.033301
0 0.563992 0.403149 0.032984 0.044482
0 0.539258 0.428418 0.018984 0.027148
0 0.606484 0.383545 0.022812 0.058887
0 0.657422 0.425146 0.035313 0.077051
0 0.518672 0.520166 0.049844 0.031738
0 0.537461 0.466958 0.032578 0.026436
0 0.582344 0.469468 0.024375 0.031182
0 0.625062 0.506978 0.023937 0.035459
0 0.484023 0.683936 0.016328 0.014941
0 0.558516 0.693848 0.034063 0.044922
0 0.508773 0.701807 0.034687 0.081543
0 0.494418 0.725879 0.023836 0.036523
0 0.594062 0.751270 0.029844 0.035547
0 0.550508 0.744336 0.067109 0.050977
0 0.477617 0.753564 0.028203 0.045020
0 0.462664 0.800215 0.017656 0.021641
0 0.483398 0.821777 0.030547 0.027930
0 0.610703 0.645508 0.063750 0.053906
0 0.555391 0.640474 0.027031 0.040928
0 0.533684 0.567383 0.020570 0.048828
0 0.471320 0.607163 0.030641 0.042119
0 0.653855 0.607617 0.021711 0.063672
0 0.686133 0.600142 0.031328 0.060244
0 0.641445 0.567920 0.016797 0.018457
0 0.598656 0.584707 0.020922 0.023359
1 0.647852 0.502832 0.040859 0.075586
0 0.229766 0.454043 0.021094 0.038594
0 0.216348 0.422715 0.033602 0.045820
0 0.265629 0.370166 0.021258 0.023145
0 0.278082 0.387305 0.019445 0.022852
0 0.293102 0.363184 0.034484 0.022461
0 0.334219 0.348179 0.021875 0.080205
0 0.363477 0.394438 0.025234 0.059365
