0 0.609561 0.309973 0.012895 0.027596
1 0.319024 0.380669 0.079496 0.117896
0 0.289057 0.417561 0.043882 0.075915
0 0.349106 0.472206 0.037467 0.056708
0 0.467785 0.384973 0.034825 0.044262
0 0.512692 0.422630 0.031414 0.073593
0 0.218114 0.181079 0.033947 0.037568
0 0.289814 0.217623 0.036864 0.038852
0 0.326853 0.243661 0.033794 0.080437
0 0.393575 0.270342 0.030044 0.050683
0 0.303333 0.563402 0.030175 0.113087
0 0.254616 0.463750 0.055899 0.097910
0 0.396272 0.606626 0.041667 0.042213
0 0.361404 0.566598 0.035965 0.048770
0 0.416404 0.526462 0.081689 0.044891
0 0.486338 0.590369 0.044386 0.082923
0 0.372478 0.736270 0.035088 0.089481
0 0.429989 0.776298 0.065241 0.056148
0 0.459814 0.823156 0.045943 0.046038
0 0.531414 0.821038 0.065680 0.043169
0 0.547697 0.903347 0.121491 0.046311
0 0.678618 0.830260 0.074781 0.051776
0 0.790828 0.767964 0.045844 0.093033
0 0.865318 0.701305 0.045899 0.114057
0 0.739649 0.718251 0.046579 0.134262
0 0.809951 0.676981 0.028783 0.037568
0 0.783344 0.667964 0.030504 0.040301
0 0.791447 0.616264 0.066667 0.051626
0 0.629276 0.653074 0.030263 0.077459
0 0.560855 0.581011 0.034868 0.043989
0 0.736875 0.567295 0.029759 0.029645
0 0.840461 0.521995 0.049342 0.071585
0 0.686294 0.451981 0.045175 0.051230
0 0.755937 0.398702 0.047555 0.047951
0 0.625110 0.390642 0.053289 0.042213
0 0.568969 0.302664 0.032456 0.065164
0 0.656579 0.296653 0.076535 0.072814
0 0.821875 0.378005 0.033224 0.038798
0 0.828344 0.338620 0.063048 0.049372
0 0.793202 0.195348 0.072149 0.081134
0 0.734594 0.218374 0.064145 0.044945
0 0.677248 0.195355 0.084539 0.111475
0 0.601261 0.257514 0.056469 0.038525
0 0.588213 0.213183 0.037171 0.075820
0 0.547286 0.220970 0.045998 0.034016
0 0.549945 0.263046 0.046820 0.050956
