0 0.236184 0.486680 0.038377 0.083470
0 0.538871 0.475683 0.054496 0.049454
0 0.514254 0.435109 0.041886 0.045902
0 0.757237 0.390130 0.025439 0.029030
0 0.707950 0.321311 0.038048 0.056284
0 0.715022 0.378552 0.027193 0.057650
0 0.633827 0.358948 0.028618 0.031557
0 0.577357 0.306831 0.051864 0.045902
0 0.530921 0.367555 0.065570 0.050410
0 0.570614 0.406216 0.057456 0.037295
0 0.651096 0.269126 0.041667 0.039344
0 0.582566 0.239822 0.042105 0.033743
0 0.516173 0.279098 0.061513 0.065847
0 0.460965 0.376844 0.024561 0.037022
0 0.430620 0.362842 0.043586 0.105191
0 0.482127 0.201298 0.089254 0.045765
0 0.433059 0.255260 0.064364 0.057787
0 0.368257 0.237637 0.039145 0.038661
0 0.382895 0.301298 0.037281 0.037295
0 0.339967 0.279508 0.023794 0.047814
0 0.344627 0.344126 0.048904 0.057104
0 0.283059 0.337910 0.046382 0.062978
1 0.609857 0.207104 0.070614 0.036885
1 0.694572 0.517158 0.063925 0.137596
0 0.670724 0.752459 0.026974 0.035519
0 0.633607 0.759153 0.047259 0.035792
0 0.578728 0.701981 0.039474 0.047404
0 0.539342 0.675820 0.038772 0.047814
0 0.656908 0.513046 0.041447 0.044672
0 0.613432 0.493005 0.040680 0.060984
0 0.578235 0.503620 0.047259 0.102869
0 0.347259 0.442964 0.055263 0.045219
0 0.282566 0.459836 0.064474 0.071038
0 0.387007 0.511680 0.033224 0.037295
0 0.267664 0.619331 0.048443 0.080191
0 0.298081 0.865847 0.029715 0.040437
0 0.292489 0.695628 0.041776 0.068852
0 0.366886 0.766530 0.028509 0.034699
0 0.321820 0.599454 0.039035 0.063115
0 0.365844 0.582104 0.039145 0.069126
0 0.421820 0.632855 0.058991 0.050956
0 0.411458 0.800478 0.037171 0.041393
0 0.423684 0.856831 0.028289 0.035246
0 0.489638 0.911885 0.028399 0.032240
0 0.643147 0.866189 0.035636 0.044945
0 0.556743 0.580943 0.066118 0.051230
