0 0.494759 0.469064 0.050022 0.048210
1 0.443838 0.245765 0.036798 0.097814
1 0.504501 0.237773 0.061612 0.109153
0 0.474868 0.202732 0.018246 0.024317
0 0.412719 0.172814 0.040570 0.039891
0 0.380817 0.214208 0.040121 0.046448
0 0.347697 0.252234 0.039912 0.064112
0 0.433470 0.445806 0.073410 0.074781
0 0.432840 0.508108 0.033443 0.028866
0 0.604819 0.463074 0.068191 0.071940
0 0.590143 0.508825 0.023882 0.026885
0 0.548904 0.503210 0.057237 0.065984
0 0.483279 0.525704 0.050241 0.075369
0 0.516447 0.565786 0.025219 0.033730
0 0.425071 0.627117 0.053651 0.040847
0 0.352906 0.395082 0.027522 0.041530
0 0.401316 0.400137 0.041667 0.041257
0 0.406634 0.298764 0.024342 0.031954
0 0.372533 0.317213 0.040899 0.044536
0 0.406436 0.346926 0.053882 0.046038
0 0.484594 0.092486 0.058224 0.041530
0 0.547917 0.160492 0.073026 0.092842
0 0.604934 0.198839 0.029825 0.031831
0 0.476809 0.364276 0.034320 0.062978
0 0.630318 0.242555 0.032346 0.046585
0 0.612407 0.308490 0.035844 0.049139
0 0.662780 0.303757 0.032357 0.045492
0 0.551206 0.299809 0.026535 0.042459
0 0.586261 0.263046 0.039189 0.081831
0 0.557418 0.356011 0.044660 0.059016
0 0.594748 0.375342 0.031382 0.038661
0 0.528399 0.381694 0.037061 0.060109
0 0.633783 0.420608 0.031425 0.037746
0 0.484737 0.595833 0.059167 0.051776
0 0.339978 0.472889 0.045482 0.047937
0 0.325603 0.522268 0.033004 0.052186
0 0.297555 0.554816 0.034145 0.045287
0 0.246294 0.571790 0.037895 0.041393
0 0.357730 0.827937 0.021162 0.019536
0 0.345817 0.800492 0.025691 0.032896
0 0.276809 0.758299 0.036732 0.057992
0 0.434995 0.733607 0.029857 0.035246
0 0.444709 0.800751 0.027796 0.034836
0 0.359167 0.771380 0.076886 0.059699
0 0.472094 0.750000 0.044846 0.050000
0 0.340899 0.618443 0.043202 0.042623
0 0.347182 0.690847 0.059276 0.066120
0 0.380702 0.715027 0.037281 0.046995
0 0.425636 0.683948 0.046447 0.058880
