0 0.269616 0.577814 0.031601 0.070546
0 0.419682 0.504488 0.027522 0.060423
0 0.372149 0.538566 0.043860 0.075328
0 0.657785 0.640505 0.037939 0.048224
0 0.717105 0.681489 0.052412 0.083197
0 0.655154 0.739822 0.049123 0.064617
0 0.596261 0.763081 0.028925 0.061544
0 0.301316 0.616735 0.029825 0.071995
0 0.349123 0.619399 0.030482 0.074044
0 0.401771 0.642623 0.055669 0.047268
0 0.421546 0.755806 0.043969 0.047678
0 0.552747 0.244214 0.056371 0.037063
0 0.553728 0.277883 0.025219 0.039317
0 0.597204 0.274795 0.057127 0.063251
0 0.724671 0.313934 0.036623 0.048634
0 0.321371 0.378764 0.088180 0.035642
0 0.271820 0.272131 0.044079 0.045628
0 0.318268 0.311626 0.045044 0.059262
0 0.406173 0.373907 0.041316 0.038525
0 0.441760 0.395287 0.029857 0.040847
0 0.470888 0.359221 0.034320 0.038934
0 0.534320 0.353142 0.068947 0.045082
0 0.570768 0.401844 0.033684 0.060792
0 0.621217 0.394126 0.042873 0.067760
1 0.518942 0.476790 0.077599 0.073470
1 0.700154 0.492917 0.080570 0.106516
0 0.493311 0.088367 0.034430 0.088566
0 0.518712 0.174413 0.032094 0.066475
0 0.417873 0.211954 0.027412 0.032923
0 0.450954 0.223156 0.051689 0.080738
0 0.565532 0.172821 0.064836 0.046161
0 0.643289 0.245628 0.032412 0.049727
0 0.511349 0.298292 0.062829 0.050137
0 0.677045 0.412794 0.028651 0.035342
0 0.478344 0.607514 0.066118 0.108743
0 0.447807 0.676776 0.041447 0.036066
0 0.389912 0.711339 0.038596 0.038525
0 0.336787 0.495219 0.035417 0.028142
0 0.346524 0.467828 0.033925 0.034016
0 0.328289 0.441045 0.019737 0.026899
0 0.308882 0.420895 0.026754 0.055478
0 0.470450 0.420628 0.051645 0.069672
0 0.670779 0.525342 0.039583 0.061885
0 0.540192 0.515867 0.035471 0.038757
0 0.572368 0.515847 0.031140 0.079508
0 0.634978 0.571448 0.067982 0.066393
